  -2.9850746268656718        0.0000000000000000        0.0000000000000000     
  -2.9552238805970150        0.0000000000000000        0.0000000000000000     
  -2.9253731343283582        0.0000000000000000        0.0000000000000000     
  -2.8955223880597019        0.0000000000000000        0.0000000000000000     
  -2.8656716417910451        0.0000000000000000        0.0000000000000000     
  -2.8358208955223883        0.0000000000000000        0.0000000000000000     
  -2.8059701492537314        0.0000000000000000        0.0000000000000000     
  -2.7761194029850746        0.0000000000000000        0.0000000000000000     
  -2.7462686567164183        0.0000000000000000        0.0000000000000000     
  -2.7164179104477615        0.0000000000000000        0.0000000000000000     
  -2.6865671641791047        0.0000000000000000        0.0000000000000000     
  -2.6567164179104479        0.0000000000000000        0.0000000000000000     
  -2.6268656716417911        0.0000000000000000        0.0000000000000000     
  -2.5970149253731343        0.0000000000000000        0.0000000000000000     
  -2.5671641791044779        0.0000000000000000        0.0000000000000000     
  -2.5373134328358211        0.0000000000000000        0.0000000000000000     
  -2.5074626865671643        0.0000000000000000        0.0000000000000000     
  -2.4776119402985075        0.0000000000000000        0.0000000000000000     
  -2.4477611940298507        0.0000000000000000        0.0000000000000000     
  -2.4179104477611943        0.0000000000000000        0.0000000000000000     
  -2.3880597014925375        0.0000000000000000        0.0000000000000000     
  -2.3582089552238807        0.0000000000000000        0.0000000000000000     
  -2.3283582089552239        0.0000000000000000        0.0000000000000000     
  -2.2985074626865671        0.0000000000000000        0.0000000000000000     
  -2.2686567164179108        0.0000000000000000        0.0000000000000000     
  -2.2388059701492540        0.0000000000000000        0.0000000000000000     
  -2.2089552238805972        6.9791666666666665E-005   6.9791666666666665E-005
  -2.1791044776119404        1.3958333333333333E-004   9.8700321540622267E-005
  -2.1492537313432836        2.7916666666666666E-004   1.3958333333333333E-004
  -2.1194029850746272        2.0937500000000001E-004   1.2088271261157789E-004
  -2.0895522388059704        2.7916666666666666E-004   1.3958333333333333E-004
  -2.0597014925373136        4.1875000000000001E-004   1.7095397163174262E-004
  -2.0298507462686568        4.1875000000000001E-004   1.7095397163174262E-004
  -2.0000000000000000        4.8854166666666664E-004   1.8465139358471623E-004
  -1.9701492537313434        1.1166666666666666E-003   2.7916666666666666E-004
  -1.9402985074626868        1.7447916666666666E-003   3.4895833333333334E-004
  -1.9104477611940300        2.7916666666666667E-003   4.4140125673183632E-004
  -1.8805970149253732        2.5125000000000000E-003   4.1875000000000001E-004
  -1.8507462686567167        3.2802083333333333E-003   4.7846756065298953E-004
  -1.8208955223880599        4.4666666666666665E-003   5.5833333333333332E-004
  -1.7910447761194033        4.7458333333333337E-003   5.7551682690913175E-004
  -1.7611940298507465        7.6770833333333335E-003   7.3198117528541827E-004
  -1.7313432835820897        9.7708333333333328E-003   8.2578613639098814E-004
  -1.7014925373134331        1.1445833333333334E-002   8.9376942480833509E-004
  -1.6716417910447763        1.3958333333333333E-002   9.8700321540622256E-004
  -1.6417910447761197        1.4795833333333333E-002   1.0161820053787389E-003
  -1.6119402985074629        1.8076041666666667E-002   1.1231905780644609E-003
  -1.5820895522388061        2.2263541666666668E-002   1.2465190246520284E-003
  -1.5522388059701495        2.7916666666666666E-002   1.3958333333333333E-003
  -1.5223880597014927        3.5454166666666669E-002   1.5730242788795233E-003
  -1.4925373134328361        3.9083333333333331E-002   1.6515722727819763E-003
  -1.4626865671641793        4.5992708333333333E-002   1.7916215473970003E-003
  -1.4328358208955225        4.5573958333333331E-002   1.7834468056772974E-003
  -1.4029850746268659        5.8834375000000001E-002   2.0263635134253840E-003
  -1.3731343283582091        7.0349999999999996E-002   2.2158167230165947E-003
  -1.3432835820895523        7.8166666666666662E-002   2.3356759074076275E-003
  -1.3134328358208958        8.7937500000000002E-002   2.4773584091729644E-003
  -1.2835820895522390       0.10112812500000000        2.6566709225316182E-003
  -1.2537313432835824       0.11599375000000001        2.8452411383600982E-003
  -1.2238805970149256       0.12129791666666667        2.9095676255005850E-003
  -1.1940298507462688       0.14090937500000000        3.1359687706047604E-003
  -1.1641791044776122       0.15186666666666668        3.2556148079552929E-003
  -1.1343283582089554       0.16303333333333334        3.3731836676284847E-003
  -1.1044776119402988       0.17399062500000001        3.4846944920788967E-003
  -1.0746268656716420       0.18983333333333333        3.6398880095714790E-003
  -1.0447761194029852       0.20414062499999999        3.7745614915013635E-003
  -1.0149253731343286       0.21677291666666668        3.8895942130717327E-003
 -0.98507462686567182       0.22975416666666668        4.0043633970055434E-003
 -0.95522388059701502       0.24503854166666666        4.1354139116279659E-003
 -0.92537313432835822       0.27532812499999998        4.3835611919942818E-003
 -0.89552238805970186       0.28307500000000002        4.4448032624253087E-003
 -0.86567164179104505       0.29773125000000000        4.5584164088255481E-003
 -0.83582089552238825       0.32027395833333333        4.7278381256144857E-003
 -0.80597014925373145       0.33067291666666665        4.8039789732777184E-003
 -0.77611940298507465       0.34532916666666669        4.9092869227900888E-003
 -0.74626865671641829       0.35998541666666667        5.0123828868973196E-003
 -0.71641791044776149       0.37820104166666668        5.1376337970885115E-003
 -0.68656716417910468       0.38727395833333333        5.1988936331377814E-003
 -0.65671641791044788       0.39453229166666665        5.2473866056577259E-003
 -0.62686567164179108       0.41198020833333332        5.3621623784872357E-003
 -0.59701492537313472       0.42126249999999998        5.4222331173757795E-003
 -0.56716417910447792       0.43857083333333335        5.5325029968109575E-003
 -0.53731343283582111       0.45211041666666668        5.6172537326106059E-003
 -0.50746268656716431       0.45252916666666665        5.6198545138592725E-003
 -0.47761194029850751       0.46962812500000001        5.7250440659694195E-003
 -0.44776119402985115       0.47939895833333335        5.7842935869773437E-003
 -0.41791044776119435       0.47807291666666668        5.7762882236225988E-003
 -0.38805970149253755       0.48875104166666666        5.8404408894351554E-003
 -0.35820895522388074       0.51289895833333332        5.9829819599995912E-003
 -0.32835820895522394       0.51031666666666664        5.9679016994622523E-003
 -0.29850746268656758       0.50326770833333334        5.9265413306664140E-003
 -0.26865671641791078       0.52266979166666672        6.0397016380559819E-003
 -0.23880597014925398       0.52050625000000006        6.0271882912280635E-003
 -0.20895522388059717       0.53983854166666667        6.1380967370854829E-003
 -0.17910447761194037       0.53306874999999998        6.0994882170897474E-003
 -0.14925373134328401       0.53411562499999998        6.1054745648031605E-003
 -0.11940298507462721       0.53990833333333332        6.1384934984534730E-003
  -8.9552238805970408E-002  0.54074583333333337        6.1432526361357535E-003
  -5.9701492537313605E-002  0.55554166666666671        6.2267309898087339E-003
  -2.9850746268656803E-002  0.54165312499999996        6.1484042115786701E-003
  -4.4408920985006262E-016  0.54605000000000004        6.1733086415092951E-003
   2.9850746268656358E-002  0.55337812500000005        6.2145942458558786E-003
   5.9701492537313161E-002  0.54137395833333335        6.1468195712916359E-003
   8.9552238805969964E-002  0.53634895833333329        6.1182258635174534E-003
  0.11940298507462677       0.53858229166666671        6.1309506418311226E-003
  0.14925373134328312       0.53334791666666670        6.1010851508040038E-003
  0.17910447761193993       0.53795416666666662        6.1273744688850581E-003
  0.20895522388059673       0.52490312500000003        6.0525915054868576E-003
  0.23880597014925353       0.53006770833333339        6.0822946994340786E-003
  0.26865671641791034       0.51694687500000003        6.0065450955083151E-003
  0.29850746268656714       0.51715624999999998        6.0077613646501750E-003
  0.32835820895522350       0.50794375000000003        5.9540104875131575E-003
  0.35820895522388030       0.50194166666666662        5.9187283673193779E-003
  0.38805970149253710       0.48833229166666670        5.8379383794769065E-003
  0.41791044776119390       0.48037604166666670        5.7901851934677173E-003
  0.44776119402985071       0.46746458333333335        5.7118414174828266E-003
  0.47761194029850706       0.47074479166666666        5.7318464376734171E-003
  0.50746268656716387       0.45769375000000001        5.6518324139536074E-003
  0.53731343283582067       0.45050520833333335        5.6072728961231435E-003
  0.56716417910447747       0.43864062500000001        5.5329431848211066E-003
  0.59701492537313428       0.43068437500000001        5.4825341164959169E-003
  0.62686567164179063       0.42021562499999998        5.4154915592331040E-003
  0.65671641791044744       0.39788229166666667        5.2696174692827037E-003
  0.68656716417910424       0.38783229166666666        5.2026399089855763E-003
  0.71641791044776104       0.38190000000000002        5.1626967274865177E-003
  0.74626865671641784       0.35719374999999998        4.9929096862868115E-003
  0.77611940298507420       0.35014479166666668        4.9433984853610021E-003
  0.80597014925373101       0.32341458333333334        4.7509623020119711E-003
  0.83582089552238781       0.31357395833333335        4.6781245361092322E-003
  0.86567164179104461       0.29675416666666665        4.5509304413432249E-003
  0.89552238805970141       0.27798020833333331        4.4046228033658629E-003
  0.92537313432835777       0.27274583333333335        4.3629561405911736E-003
  0.95522388059701457       0.25034270833333333        4.1799323980694419E-003
  0.98507462686567138       0.23791979166666666        4.0749010777444373E-003
   1.0149253731343282       0.22451979166666666        3.9584858797360196E-003
   1.0447761194029845       0.20714166666666667        3.8022049067321156E-003
   1.0746268656716418       0.18746041666666666        3.6170671701247744E-003
   1.1044776119402981       0.17287395833333333        3.4734941593944310E-003
   1.1343283582089554       0.15647291666666666        3.3046188346556871E-003
   1.1641791044776117       0.14970312499999999        3.2323413493872107E-003
   1.1940298507462681       0.13420937499999999        3.0605058345870976E-003
   1.2238805970149254       0.12360104166666666        2.9370602138282386E-003
   1.2537313432835817       0.10908437500000000        2.7591992205242572E-003
   1.2835820895522390        9.5823958333333334E-002   2.5860614375301598E-003
   1.3134328358208953        9.0310416666666671E-002   2.5105605940761075E-003
   1.3432835820895517        7.7119791666666673E-002   2.3199824985121716E-003
   1.3731343283582089        7.0419791666666662E-002   2.2169155659916575E-003
   1.4029850746268653        6.2672916666666662E-002   2.0914223172347995E-003
   1.4328358208955225        4.9901041666666666E-002   1.8661931481814644E-003
   1.4626865671641789        4.6690624999999999E-002   1.8051638530777014E-003
   1.4925373134328352        3.6291666666666667E-002   1.5914948642008801E-003
   1.5223880597014925        3.4686458333333337E-002   1.5559002981705551E-003
   1.5522388059701488        2.7358333333333335E-002   1.3818045015687116E-003
   1.5820895522388061        2.3240625000000001E-002   1.2735784047811897E-003
   1.6119402985074625        1.7517708333333333E-002   1.1057079455099746E-003
   1.6417910447761188        1.6331249999999999E-002   1.0676072106584893E-003
   1.6716417910447761        1.3818749999999999E-002   9.8205579971303051E-004
   1.7014925373134324        1.1724999999999999E-002   9.0460338915276386E-004
   1.7313432835820897        7.8166666666666662E-003   7.3860557433886491E-004
   1.7611940298507460        7.6770833333333335E-003   7.3198117528541827E-004
   1.7910447761194024        5.4437499999999998E-003   6.1638331046246441E-004
   1.8208955223880596        6.0718750000000000E-003   6.5097332974682360E-004
   1.8507462686567160        3.1406250000000002E-003   4.6817673278901848E-004
   1.8805970149253732        2.4427083333333332E-003   4.1289306819549407E-004
   1.9104477611940296        1.3958333333333333E-003   3.1211782185934565E-004
   1.9402985074626860        1.4656249999999999E-003   3.1982559537712632E-004
   1.9701492537313432        1.1166666666666666E-003   2.7916666666666666E-004
   1.9999999999999996        8.3750000000000003E-004   2.4176542522315577E-004
   2.0298507462686568        4.1875000000000001E-004   1.7095397163174262E-004
   2.0597014925373132        4.8854166666666664E-004   1.8465139358471623E-004
   2.0895522388059695        3.4895833333333334E-004   1.5605891092967283E-004
   2.1194029850746268        2.7916666666666666E-004   1.3958333333333333E-004
   2.1492537313432831        0.0000000000000000        0.0000000000000000     
   2.1791044776119404        6.9791666666666665E-005   6.9791666666666665E-005
   2.2089552238805967        1.3958333333333333E-004   9.8700321540622267E-005
   2.2388059701492531        1.3958333333333333E-004   9.8700321540622267E-005
   2.2686567164179103        6.9791666666666665E-005   6.9791666666666665E-005
   2.2985074626865667        0.0000000000000000        0.0000000000000000     
   2.3283582089552239        6.9791666666666665E-005   6.9791666666666665E-005
   2.3582089552238803        0.0000000000000000        0.0000000000000000     
   2.3880597014925367        0.0000000000000000        0.0000000000000000     
   2.4179104477611939        0.0000000000000000        0.0000000000000000     
   2.4477611940298503        0.0000000000000000        0.0000000000000000     
   2.4776119402985075        0.0000000000000000        0.0000000000000000     
   2.5074626865671639        0.0000000000000000        0.0000000000000000     
   2.5373134328358202        0.0000000000000000        0.0000000000000000     
   2.5671641791044775        0.0000000000000000        0.0000000000000000     
   2.5970149253731338        0.0000000000000000        0.0000000000000000     
   2.6268656716417911        0.0000000000000000        0.0000000000000000     
   2.6567164179104474        0.0000000000000000        0.0000000000000000     
   2.6865671641791038        0.0000000000000000        0.0000000000000000     
   2.7164179104477610        0.0000000000000000        0.0000000000000000     
   2.7462686567164174        0.0000000000000000        0.0000000000000000     
   2.7761194029850746        0.0000000000000000        0.0000000000000000     
   2.8059701492537310        0.0000000000000000        0.0000000000000000     
   2.8358208955223874        0.0000000000000000        0.0000000000000000     
   2.8656716417910446        0.0000000000000000        0.0000000000000000     
   2.8955223880597010        0.0000000000000000        0.0000000000000000     
   2.9253731343283582        0.0000000000000000        0.0000000000000000     
   2.9552238805970146        0.0000000000000000        0.0000000000000000     
   2.9850746268656709        0.0000000000000000        0.0000000000000000     
