   0.0000000000000000       0.53762238755398783        2.3457714687801895E-003
 -0.29999999999999999       0.57353549192678177        3.6878491119325466E-003
 -0.59999999999999998       0.62233496522061982        3.6166863648768414E-003
 -0.90000000000000002       0.67699771943278819        3.7716614828455764E-003
  -1.2000000000000000       0.74683852923825589        3.1555896755506409E-003
  -1.5000000000000000       0.83264695338941486        4.2748348123546626E-003
  -1.8000000000000000       0.94525020046756225        3.5498378540682915E-003
  -2.1000000000000001        1.0735841821065211        3.9481426778845948E-003
  -2.3999999999999999        1.2293549113168427        4.7146758280794667E-003
  -2.7000000000000002        1.3799575162855815        4.3363695605055609E-003
  -3.0000000000000000        1.5212852233963945        4.3676605002974152E-003
