   0.0000000000000000       0.53912847796076979        2.5824959667716070E-003
 -0.29999999999999999       0.58147735956039948        3.0888566882270457E-003
 -0.59999999999999998       0.62348841482948991        3.1811764632415076E-003
 -0.90000000000000002       0.67045312025505777        3.1003302527180298E-003
  -1.2000000000000000       0.75020761119135548        3.5083557196430768E-003
  -1.5000000000000000       0.83693869794332310        3.2283385942597923E-003
  -1.8000000000000000       0.94661753261854298        3.5433545817749362E-003
  -2.1000000000000001        1.0785797101158157        4.1767387943562051E-003
  -2.3999999999999999        1.2341035529459077        4.6588904147085589E-003
  -2.7000000000000002        1.3951806221230203        4.1817079287638321E-003
  -3.0000000000000000        1.5475628194488253        3.9754152702388386E-003
