   0.0000000000000000       0.19528586914334298        9.2019378315592708E-004
 -0.29999999999999999       0.21510047024302412        1.0793838945055965E-003
 -0.59999999999999998       0.24608502392424109        1.9031883078145773E-003
 -0.90000000000000002       0.28392401998768840        1.4052345230525904E-003
  -1.2000000000000000       0.33547603561015993        2.8960645232177077E-003
  -1.5000000000000000       0.41058431975269122        2.6889160384827920E-003
  -1.8000000000000000       0.52571749327591955        5.5613644567893035E-003
  -2.1000000000000001       0.68313470514766528        4.8816172900996244E-003
  -2.3999999999999999       0.92304803410847591        8.1986794342696033E-003
  -2.7000000000000002        1.2154563895647850        1.1492058223683646E-002
  -3.0000000000000000        1.4582377681974932        8.5125074435766328E-003
