           0  0.19263573709608892       0.19748007118357000       0.20404491609558376       0.20994948239142897       0.21824102502900292       0.22604845393811127       0.23913020894302894       0.24263474039150557       0.25952123029956775       0.27176058987526913       0.28099641434096728       0.28382756949093468       0.29992934288779222       0.31152698754386249       0.33137360936117355       0.33941533522723072       0.37025995932211642       0.38759812509103125       0.41485457072872206       0.43410816602343455       0.46795274600107706       0.50882417998229112       0.53767832303993268       0.57513301968051600       0.62929118045198751       0.68755854338916078       0.76685919930129554       0.83373847562306413       0.92038526192478265        1.0248280338995068        1.1555895657473221        1.2979645546614236        1.4435941101951535        1.6232406090165166        1.8184380449911568        2.0244985026778028        2.2417415412066335        2.4718369120892225        2.6419312645638713        2.8862711957641354        3.0677408986250021        3.2792411812793585        3.4631479085211767        3.6049230408966699        3.8020817344676314        3.9929513526365681        4.1677962182287942        4.3266082072618124        4.4722956897346258        4.6509220272466809        4.7972206113266047        2.5666920510810159E-003   1.9528448570747048E-003   4.1983068128224306E-003   2.9552259871742904E-003   3.6452463597571780E-003   2.7498345407823018E-003   2.3815768909072918E-003   3.5357578534961666E-003   2.7598644702576313E-003   3.4180125104582215E-003   3.2166122296674771E-003   3.6653016761103853E-003   4.6189549540680734E-003   4.3841178462106110E-003   5.1243840951344837E-003   5.4230060933230786E-003   3.9611172735967721E-003   4.7537518145901346E-003   4.3208670800715769E-003   4.2408314274594849E-003   7.6148661021911371E-003   7.8203918447639163E-003   6.6777471141302846E-003   6.8704037954157304E-003   8.1091167654876693E-003   5.3895535024284652E-003   8.1142622015155843E-003   1.8503678326375367E-002   1.0903786704693172E-002   9.3109252773074160E-003   8.8120852586324686E-003   1.6064387074730600E-002   1.2487032976644590E-002   1.1572509386216812E-002   1.2523848705806037E-002   1.4236050487266724E-002   1.4212482955776980E-002   1.7003391280468315E-002   1.3161182244545142E-002   2.1796762505528134E-002   2.1032648172436309E-002   1.2800226866195204E-002   1.3098464979036169E-002   2.0329755854549075E-002   1.6400877080189398E-002   1.6680062025603407E-002   1.6803134742991555E-002   1.4087003713443453E-002   9.4309092499081995E-003   1.7249501037596236E-002   1.3228638994941935E-002
           1   3.5490459041854730E-002   3.6489316366011902E-002   3.7389063477822775E-002   4.3775106227959971E-002   4.2927684583558626E-002   5.0362285846031418E-002   5.0762229229895268E-002   5.4437739733583700E-002   6.3374937137716678E-002   7.0580197505345554E-002   7.1302489656228582E-002   7.3966440524236329E-002   8.3129694497058898E-002   9.4749315313659779E-002   9.9701793639633537E-002  0.10893769357697496       0.12059148532817197       0.12913477269361007       0.15271972943126105       0.15737803090140384       0.18673703308591716       0.21180001897359807       0.23757039611112066       0.27363278373092015       0.30813324789462215       0.35142744186707536       0.42079610923052463       0.48742059851660602       0.56855300752539562       0.67338175984059268       0.78933414352174758       0.93292954860686572        1.0868051032197763        1.2816500065308853        1.4909793277798955        1.7295112753263280        1.9677027633247612        2.2145755548739929        2.4315442872710999        2.7049249180784503        2.9108390644925111        3.1298339938344943        3.3356480278685070        3.4814666604657036        3.6726203257334551        3.8800803918904134        4.0611396741245214        4.2218158211142844        4.3821281417750741        4.5570764760184934        4.7178425072006052        2.3029809739504004E-003   2.5518361299481764E-003   2.1663845748549587E-003   2.0948672273735404E-003   2.5079214901955926E-003   1.9656407651914075E-003   1.9464164111856041E-003   2.7305583736934001E-003   2.8730037888759293E-003   2.9816407843915958E-003   2.8988845131090748E-003   2.3447497181782054E-003   3.1858556961824897E-003   2.9493363646398560E-003   4.4820307878424117E-003   4.9777652282101126E-003   4.4321804393246894E-003   3.1014684871227801E-003   4.3589350832370565E-003   3.8884116806862505E-003   9.3467925847111819E-003   4.6267194474301386E-003   5.8489728315395352E-003   6.5964257691478005E-003   5.6060488313597811E-003   4.1052597937695969E-003   7.5161424612658788E-003   9.6908615141653304E-003   8.7711585174087749E-003   7.4617315031318540E-003   9.3694163427317217E-003   1.2118262792057291E-002   9.8770099921466296E-003   1.3414951534004781E-002   1.1103484497685324E-002   9.7146255466036436E-003   1.4017144109739380E-002   1.7595823328479452E-002   1.2862130003925111E-002   1.3837777339396208E-002   1.3814591797597893E-002   1.1272454609261909E-002   1.2917564056727435E-002   1.9791542677998993E-002   1.3626011789359061E-002   1.2039128340279886E-002   8.1869149415395269E-003   1.4938074128301414E-002   8.0155426201343246E-003   1.4055380095150345E-002   1.1973396613766183E-002
           2   5.1310209085363816E-003   6.9438209990580237E-003   8.6868855866107080E-003   1.3568301700567251E-002   9.4173925062684873E-003   1.3382064128034089E-002   9.9471682355929698E-003   1.3126951535577226E-002   1.2866071763694593E-002   1.9676156845122961E-002   1.8975098326326344E-002   2.2140159891952022E-002   2.2040716239081375E-002   2.7740385977546547E-002   3.2897977194973421E-002   3.1890497340442775E-002   3.8034245363815451E-002   4.8099101303813008E-002   5.8666785809723496E-002   6.0875339571718111E-002   7.1236348002211292E-002   9.1501356070213605E-002   9.8992702008583844E-002  0.12423181095127206       0.15501440460876337       0.17816019713916068       0.23247786869609258       0.29434427290153831       0.35526806617640500       0.43555467416424976       0.52381857778099183       0.66875721586833725       0.81574378443025641        1.0383343133300786        1.2434639166721901        1.4944240963587729        1.7612251331982871        2.0574453640715054        2.3013031990107886        2.6053052646811588        2.8634912540072022        3.0927506257488897        3.2977994263109172        3.4772680089265253        3.6576389736617281        3.8576952541959426        4.0436322385020080        4.2181238765601554        4.3705613997743358        4.5481404107448089        4.6858244999305763        1.9958951408979523E-003   2.5144353836613845E-003   2.5878214199725213E-003   2.1877550974717924E-003   2.4257263374382575E-003   2.5564048975493490E-003   2.6771784276730529E-003   2.9760460065249598E-003   2.0672901179479685E-003   2.1227246788159768E-003   2.7586813828730768E-003   2.8611831256153686E-003   3.9438401475097983E-003   4.9109548274754410E-003   4.0308311909981742E-003   3.4343147136691116E-003   4.1105004402935148E-003   4.9734040307862657E-003   4.7403934611298139E-003   4.1114362036777184E-003   8.8274726599864208E-003   5.2487310193278080E-003   6.9008020367739946E-003   5.2065875322755036E-003   7.9187107560739003E-003   7.2852229462388790E-003   7.6030189301032414E-003   7.1675551188655484E-003   9.3462349004311204E-003   9.8010659697509109E-003   1.1229169905557071E-002   1.2039536016042842E-002   1.3106493670575701E-002   1.4398691297165830E-002   1.6482731821904632E-002   1.2504765103658989E-002   2.4629935759824671E-002   2.1062206575358955E-002   1.8719761275883810E-002   1.8152910634410900E-002   1.1882186395957599E-002   1.8459167154377499E-002   1.3467034799453097E-002   1.7045357712172297E-002   2.0157489253298411E-002   1.2523960834576025E-002   1.3646449013777142E-002   8.4242663027624069E-003   8.1572610815396161E-003   1.3235935812824994E-002   1.6629811235328192E-002
           3   3.4797992527725789E-003  -6.6673905608892285E-004   2.3492502544062844E-003   1.1009964139866726E-003   4.1248114134347222E-003   5.4121256654982356E-004   2.8815736108171518E-003   6.4016530762570049E-005   2.3602422969512689E-003   4.5141012248345515E-003   2.1319194039399014E-003   9.2143483318983255E-003   6.0930773479968689E-003   1.0936304421238418E-002   9.1243198707930007E-003   6.3723337631074982E-003   1.0410697924560511E-002   1.7949099047864917E-002   1.9873483509049425E-002   2.3320034539553166E-002   3.3304831633137306E-002   3.0196008103509066E-002   4.4895887186647838E-002   6.1101966550684554E-002   7.6128079851413635E-002   9.2920420931511302E-002  0.12727321514648812       0.16110874282142679       0.23076009528821653       0.27939355610422545       0.36251890944295989       0.49562162706368923       0.62415812233778134       0.84614900784387304        1.0450260814055539        1.3203931043187402        1.5937049542583810        1.9234371937331780        2.1886011973664927        2.5513900606904523        2.8276872576388596        3.0701825809594951        3.2869457899088483        3.4624986082251943        3.6571628535306413        3.8558453048935388        4.0398101346996489        4.2106534805719891        4.3666829039307578        4.5369203299376322        4.6845254266849157        2.3371282491415823E-003   2.2296955801843969E-003   2.1661500388838687E-003   2.8455047422180722E-003   2.3491283633618357E-003   2.1233067708669590E-003   2.5908797484596371E-003   2.7593204526044383E-003   1.7331629693811339E-003   1.8914080419721233E-003   2.8208054057443023E-003   3.0824065510346682E-003   3.6691137524263368E-003   4.2688152227651445E-003   3.6647182795303030E-003   6.6167820304185911E-003   3.4387909375963028E-003   2.7107883296634281E-003   4.5125692910418513E-003   4.4286214817035978E-003   6.9303670432351635E-003   6.2511511710090150E-003   5.2953108841820905E-003   5.6846306409613608E-003   5.8885586881913055E-003   7.0843010362005715E-003   8.7288406689571274E-003   7.4095298711057776E-003   8.9537076912636487E-003   8.2561539550739908E-003   8.1937863846053716E-003   1.0442179062180050E-002   2.0866213362599518E-002   1.9928392149111254E-002   1.4819181130596456E-002   1.4184980187540512E-002   2.1807485708958671E-002   2.9583141732388615E-002   2.1981712169543390E-002   2.6076786406987958E-002   2.0693328191161698E-002   1.8036579070675990E-002   1.8170773240414998E-002   1.9032708774137961E-002   2.5636383910794334E-002   1.1875469448738841E-002   1.1670687170187193E-002   9.6291565727548815E-003   8.1279897259819937E-003   1.5484191746976449E-002   1.9121449880777720E-002
           4  -1.0550746268659399E-004   2.4725032540126317E-003   4.3871047729490669E-003   2.2664203074158045E-003  -1.6290110283399932E-003  -2.3559315133093927E-003  -1.4663068367698751E-003   5.1303608405449191E-004   2.2971324000462495E-003  -6.8980579166752097E-004  -8.9705612992005456E-004   5.3941282233333195E-003   5.6628709274597682E-003   4.4027124314242917E-003   5.4570801918058624E-003   4.7338914291766470E-003   1.5870516490092633E-003   9.3339889191956949E-003   3.8499233963990385E-003   7.2450228598005548E-003   1.5371688790434258E-002   1.4578997534098387E-002   1.3740676009644192E-002   3.4627257816305580E-002   3.8914549096294347E-002   4.3951953944595681E-002   6.1080493674589988E-002   8.0718473377789521E-002  0.14628378784738758       0.18253685577509327       0.25189234085617179       0.35714812194822321       0.46603580785343740       0.67508917548368574       0.85933849387470140        1.1519682625959680        1.4672771996444445        1.7987804894595720        2.1104202707155491        2.4976041796599726        2.7938235934338311        3.0590973643094208        3.2873894059393272        3.4617802974756207        3.6395034832678297        3.8478566421370273        4.0435648904723820        4.2160644615757805        4.3689451957926018        4.5546939712947188        4.6970046645703549        1.9621841362936153E-003   1.9153312292060957E-003   2.4002587983125599E-003   1.9829637395501237E-003   3.2038751581831113E-003   4.2787929218149343E-003   3.1112859678920925E-003   2.2869681016680233E-003   3.0534220633246364E-003   1.9715251345584499E-003   4.2782516034898773E-003   3.1463272019099037E-003   2.7916830003216638E-003   2.8129639245346879E-003   2.7487804135545406E-003   3.6546925730014421E-003   3.5439085716444255E-003   5.0182443191894698E-003   3.6308548761799890E-003   5.0113183519039217E-003   5.8630981785385986E-003   5.1697915067428282E-003   7.9042814129229536E-003   6.2842605851864642E-003   6.2167722733619960E-003   6.2931751371967841E-003   9.1853233595250699E-003   1.0050371344608294E-002   1.0864600006138968E-002   1.5756441161474479E-002   1.5730826062036008E-002   1.3576999622688535E-002   2.5557258338921130E-002   2.0503613476876289E-002   1.5249123443249302E-002   2.0863300318886346E-002   2.6259291519142393E-002   3.4446096342065219E-002   2.8804852284126076E-002   3.0479415745516231E-002   2.4127891481727493E-002   2.2318887680969849E-002   1.9830732189804315E-002   2.0093331558786828E-002   3.4440412889199613E-002   1.8347142931072875E-002   1.4021759648222051E-002   1.2210146251497651E-002   8.9813618190628993E-003   1.1067179764434738E-002   2.5989230585638019E-002
           5  -1.6818493213546239E-003  -9.3744464331918563E-004   1.5083854330192558E-005   7.6318825651805445E-004  -3.4399116431060173E-004  -2.8744896716816353E-003  -1.6411085729836029E-003   4.2152758308741205E-003   9.6946478637312749E-004  -1.5496575021812294E-004   3.4260343061716667E-003   1.8280407116926937E-003  -1.5244021453897213E-003   9.5388919962140662E-004   2.5353079527960180E-003   2.1184043137863940E-003  -6.9564422171931829E-004   2.1536249927535441E-003   7.0931116173051402E-003   6.7422998893500153E-004   8.9460406474462899E-003   3.8588478528166817E-003   1.4344370967840917E-002   1.1782819447500694E-002   2.1059792515136681E-002   1.3429720391290341E-002   2.7904537597479653E-002   4.2907939790855866E-002   9.1554702141652636E-002  0.12221094022170115       0.17558625533537059       0.25540030597814067       0.35385656283541450       0.54077154293713114       0.73263392363315005        1.0060648252224920        1.3449346416452466        1.6841816991400227        2.0384238925434244        2.4211348051154458        2.7596318001369369        3.0351267954738059        3.2789133899692811        3.4464026467842164        3.6337099613148682        3.8344022343712343        4.0415258148288071        4.2164014327900725        4.3692948434183201        4.5438914786921751        4.6987986307858201        2.2366193122194599E-003   2.3746522495900939E-003   1.6793734013533913E-003   1.3937909577742709E-003   3.6789176181769453E-003   2.3612315328316756E-003   2.4403818057035990E-003   2.2534933820651136E-003   4.2223064378154023E-003   2.6386871267938049E-003   3.0295085844304578E-003   3.7704787516795097E-003   2.5973122421352659E-003   3.4409021531137539E-003   3.5448554698441427E-003   3.3245737118543879E-003   4.1986498771068893E-003   3.7439348946616681E-003   3.9151884298313224E-003   3.7917314583910851E-003   3.8458268646900328E-003   5.0476924086954407E-003   6.5768649742160437E-003   5.9031592370759178E-003   6.3236558506227008E-003   5.4655657632834446E-003   5.9652990572041410E-003   1.5392989489765354E-002   1.0943111289217333E-002   8.7574572392151422E-003   1.6227833544016527E-002   1.4056153355505654E-002   2.2146915879302315E-002   2.0423852088014359E-002   2.1204215431214594E-002   1.9595387025645401E-002   3.1196245757794776E-002   3.4374238183066640E-002   3.4895413149699663E-002   3.4177728025543662E-002   2.8241441283182414E-002   2.6498773002113684E-002   1.7769809674148193E-002   2.1443939191086947E-002   3.9180315311654550E-002   2.0128664347162671E-002   9.1715377124323028E-003   1.2073029329420053E-002   9.6191992710578846E-003   9.2977606352175734E-003   2.8482787723595467E-002
           6   8.9992257464468106E-004  -1.3092620402785905E-004   4.6438554285558334E-004  -1.9073759640544741E-003  -1.5958238200149272E-003   1.5834520652470638E-003  -5.6738044147086608E-004   3.6329089476070850E-003   6.7790785672323353E-004   2.6170688532831249E-003   2.6919272060939244E-004   1.3814098069544456E-003  -3.0695993690911926E-003   9.3212918706772098E-004   1.0455143110326161E-003   1.1210153566653812E-003  -1.3570215777746100E-003  -3.5504677305018017E-003   5.3531327378675943E-003   2.4433412481992337E-003   5.4387372962504624E-003   2.8555659316211730E-003   7.7019328107791859E-003   1.4985031776556007E-003   1.0227186779110947E-002   6.4009153958627741E-003   8.4583177294747600E-003   2.2977086537975349E-002   5.7520511476671123E-002   7.9339864196261947E-002  0.11947073418370110       0.20295054656268657       0.28038700494357965       0.43729674618611275       0.61383548555247947       0.87404289941280322        1.2397029304867109        1.5828556721364109        1.9600273795831809        2.3564442494615863        2.7314290765181268        3.0244001764200550        3.2790457169231924        3.4423434267347628        3.6156271619305000        3.8291368358215347        4.0468869912576269        4.2050135724030060        4.3684242406815876        4.5543932549340145        4.6900268300061949        3.2869434475041068E-003   2.4367787744141401E-003   1.8460035815493574E-003   1.9661845057541739E-003   2.4590414182742823E-003   2.1011814861151053E-003   2.5491524114887704E-003   2.6171299495431617E-003   2.8104889533123261E-003   2.0271675946424068E-003   3.1782646948442851E-003   3.5411787227548177E-003   3.0369939341232258E-003   2.6652367232043342E-003   3.4763378072589480E-003   3.4570969310241833E-003   4.8533359616145374E-003   6.0165697758435390E-003   4.4201069198658164E-003   4.5937739924265418E-003   4.1914743915054372E-003   5.5189202743978630E-003   5.6424624804119307E-003   6.2912895003131965E-003   4.3369422968307031E-003   6.3837872413645969E-003   5.4319385727733642E-003   1.6367838779855128E-002   1.1466782080689080E-002   1.2227259952433714E-002   1.6354285507742601E-002   1.3201852653406853E-002   1.8172678838115647E-002   1.9041886610824271E-002   2.4373739584169780E-002   2.2364078695582199E-002   2.1350981603894623E-002   4.4586890338923796E-002   3.9435553321024046E-002   3.5821412746184472E-002   2.6358918432159074E-002   3.0300470061593310E-002   2.0148349041175861E-002   1.9529573992132038E-002   4.8106901446043931E-002   2.4943695829023727E-002   7.0453160888184173E-003   1.0095129728880346E-002   7.3948879602307692E-003   1.4393047847729257E-002   3.5981661592353671E-002
           7  -1.2379039418769658E-003   9.1452550118576370E-004   1.6524890925806700E-003   1.2269496584138516E-004  -3.8049394334584799E-003  -2.5757003508044343E-003  -2.5457192451701083E-003   4.4350568432856311E-003   1.4559127235551173E-003  -1.9684407599773485E-003  -7.5216534023350050E-004   3.3463180056648380E-003   6.1767252307710525E-003  -3.9120459048993340E-004  -1.1142966270426742E-003   1.2164621130959382E-003   2.1497708280106128E-003  -3.5694331134156240E-003   9.9547309405096131E-003  -2.8353460328846888E-003   3.4539256964091259E-004   3.9925376029988462E-003   1.2888403573843821E-002   2.4729406936596725E-003   3.7750532173050954E-003   3.4208423581986733E-003  -8.3361638443169277E-003   8.0936315466269438E-003   3.6306546248064987E-002   4.8270610462551794E-002   7.8862709822271226E-002  0.15072837971513126       0.21990109728780030       0.33150874147688064       0.52761777394511522       0.75902295447473300        1.1381828812398822        1.4939601877392763        1.8904642075959621        2.3052275153658233        2.7094629120180773        2.9947170717833242        3.2652464678072710        3.4275210779626830        3.6106143741400714        3.8323976907912760        4.0387457438060279        4.2151607979970045        4.3744085374566746        4.5626420706281845        4.6749278789531541        1.8683575348530815E-003   3.5480562864507372E-003   1.7348450100410744E-003   1.9190525029354039E-003   1.7421067808273418E-003   2.0150178215067116E-003   2.5455439539321342E-003   2.3880304775189161E-003   2.1989798934302657E-003   3.5689285812505753E-003   3.2107647248476334E-003   2.7521875898806106E-003   3.3761312100259217E-003   3.7643592299674792E-003   3.4643314387862514E-003   4.1829562169772459E-003   2.9709744728314809E-003   3.4635229335116713E-003   3.4128229736572848E-003   7.1250600493523537E-003   4.5361552853477177E-003   4.3834033433351963E-003   5.0859175908076022E-003   6.2053275165088202E-003   5.9969876000053029E-003   6.9159742127370321E-003   5.6829861194704805E-003   1.4001348628180386E-002   1.0740282051678526E-002   1.2255675687887664E-002   1.5019743528025493E-002   9.8257687684717033E-003   1.2160630763561534E-002   1.8443670955447963E-002   2.1920355793112467E-002   2.4192895514632086E-002   2.5278414430098733E-002   4.3989165374150672E-002   4.1186607741246377E-002   3.6876636722919381E-002   2.4386812699944891E-002   3.5152091734383217E-002   2.4291066703698714E-002   2.3749155345151592E-002   5.4304381308067751E-002   3.0292062016057154E-002   9.8770861853969515E-003   8.1742142419912647E-003   8.3444422849812162E-003   1.2087121109432157E-002   3.4968200860585906E-002
           8   2.3298347308104272E-003   2.6793649580533714E-004  -3.5796450452328676E-004   3.2192257093231055E-003  -1.0501050928585082E-003  -1.2308302154973054E-003  -1.8213108088405443E-003   4.0896809465966197E-003   1.7997775019384320E-003  -4.5755242929803458E-003   5.3882708706086337E-004  -4.9129794319949845E-003   2.8846079956847200E-003   2.4182211205205370E-003   7.7456300129155142E-004  -4.5444383775584468E-003  -1.7290414208404594E-003  -3.0372041349795587E-003   1.5241091604475013E-003  -8.9323501128167650E-003   1.2774526857308281E-003   5.3026462430107906E-003   1.7580712141742150E-003   2.4106017202228632E-003   5.4181830726557391E-003  -1.3198795844054386E-004  -6.0651000618104764E-003   6.2756434584592870E-003   1.6196731940851895E-002   2.3781447236945041E-002   5.8828553538738761E-002  0.11389575415620201       0.17649555112229184       0.27282376019385562       0.45630015030952736       0.68541277447130322        1.0628190887230275        1.4121417566451566        1.8397084402543944        2.2819145845032258        2.6938213333179433        2.9709088860783499        3.2591873341632551        3.4232418724715399        3.6018907292108442        3.8269389299273127        4.0449727390111549        4.2152197705999948        4.3782325551434820        4.5474038779347730        4.6817423280297961        2.3860868146333052E-003   2.1199136256612257E-003   2.4009130963776530E-003   3.2013763813682947E-003   3.2469614471582501E-003   2.5008756711119595E-003   1.7303148342934314E-003   3.1665312147285884E-003   2.6300850304193644E-003   2.2388893003026725E-003   2.8273985299541184E-003   2.9390459068102510E-003   2.8715055627940985E-003   3.9163450814431100E-003   2.6799166495159957E-003   2.7389242049313044E-003   2.7401019088334256E-003   2.9461233645473369E-003   4.3174194203330577E-003   5.6078490022036546E-003   4.6250502989183010E-003   7.5647445768836511E-003   4.8026678551581405E-003   5.8566843424147884E-003   4.5062551272782025E-003   4.3566399488304663E-003   6.1320846259599934E-003   1.4644969246716766E-002   8.0934092369947929E-003   1.2847863260385053E-002   1.2110407405814923E-002   9.8368847870280909E-003   1.1712703726122202E-002   1.9393810872856288E-002   1.8181812444580177E-002   2.6620859923042150E-002   2.7059131235854048E-002   4.9075263727785111E-002   4.8563223246431121E-002   4.2161257825695193E-002   2.8847430245642507E-002   4.1049370639996599E-002   3.0871893091942472E-002   3.1367816038594842E-002   5.4749114929841303E-002   3.3238873648248776E-002   1.2883088207280501E-002   8.8426011753826392E-003   1.2133482367836877E-002   9.0816848851466934E-003   3.8451407301111462E-002
           9   1.8719478261907535E-004   3.3536272086250722E-003   1.3071127661375480E-003  -2.0238746753260344E-003   1.0532763506454594E-003   1.2416002937914153E-003  -4.1613416929598811E-003  -1.4906296061639621E-004   4.2488567379318857E-004  -2.6118034294587175E-003   1.7444454547815085E-003  -1.6112982870721570E-003   9.6387044027348946E-004  -1.8578764696026975E-003  -3.7375165603875512E-003  -3.7618690489542020E-003  -3.4598074913592446E-003  -3.4949616684401188E-003   3.7151320944167157E-003  -1.5633631700235093E-003   4.6797865905097913E-003   2.6715913095041312E-003  -2.4455146234324005E-003  -1.1530393577963557E-003   5.2387887164482578E-003  -3.7547078760279324E-003  -7.6363101252100900E-003  -4.8698952530263490E-004   3.6617517246969222E-003   1.8625181555423413E-002   3.8948605774459563E-002   8.2844258127303186E-002  0.13180859909724496       0.21745940550586923       0.38094563211950155       0.62574745798154829       0.99431915766521983        1.3515237911250708        1.7867315933885488        2.2278137699695097        2.6631017894752924        2.9662887135325757        3.2499748545029790        3.4062857667483399        3.5951938443410802        3.8141773355549144        4.0377364939191080        4.2078610794630205        4.3646123667700234        4.5538753618010057        4.6767648670493580        2.1629705318864751E-003   2.4140219977360879E-003   1.8012322172259105E-003   1.4033494579105488E-003   2.7925562337268958E-003   2.4641092740728945E-003   2.4366257554338184E-003   2.1132437348494065E-003   2.6767109553513390E-003   2.5401322029212090E-003   4.1957766828044744E-003   2.6804525588113122E-003   2.8895930179497534E-003   4.5584925571565968E-003   2.7901690496253601E-003   4.8968595913210277E-003   5.2775859405586531E-003   3.1064842796942305E-003   3.9462812341045364E-003   4.2228167320348493E-003   4.9223621864102835E-003   5.2771879942553968E-003   9.2439795889707743E-003   5.8895571620793986E-003   7.3945609162331793E-003   7.4523030173572974E-003   8.0121442171291173E-003   7.7695502438128814E-003   1.0594033575306595E-002   9.5711598033242067E-003   1.5798406601118292E-002   1.3620854555782474E-002   1.2156187338781098E-002   2.0530170674435307E-002   1.7727289022507215E-002   2.7956404941782701E-002   2.7692581643050905E-002   4.9918554915604277E-002   5.0973252840985313E-002   4.8725444733719987E-002   3.1902544816688271E-002   4.5404915228063863E-002   2.6942910722738772E-002   3.1763845393760551E-002   5.8238354677520913E-002   3.2369199482383620E-002   9.4330458887607362E-003   8.1890285568855439E-003   8.9367399265113546E-003   1.2025088135354215E-002   4.7085061537800364E-002
          10   9.2307585909751565E-004   8.5709857446473537E-004  -8.1781604215375907E-004   2.6832265567132575E-005   4.6046671045694802E-004  -1.6252782369130044E-003   1.4851394626738425E-003   8.8644009840889578E-004  -4.6562636927581220E-004  -4.8888828849571672E-004   6.0477571380323945E-003  -3.0005874872938913E-003   1.8537842931750463E-004   6.0493830062206995E-004  -2.8973613481939101E-003  -1.3063458059189734E-004   2.1400168287730092E-003  -1.9531882362584900E-003   8.6531823774950055E-004  -1.1658264342223725E-003   6.1706258840425500E-003   1.5022962156363109E-003  -3.7499196990539566E-003  -1.8065290634851653E-003   8.2106013197700053E-003   4.9541273008059132E-003  -8.0099745441522315E-003   1.3358964830934439E-002   5.3630061988166281E-003   9.2080846321455825E-003   2.0162869356326486E-002   5.9354585981410871E-002  0.10097030203538447       0.18868610389766352       0.33704716649210908       0.56683756156740939       0.93979436781586478        1.2955900780065897        1.7106933200702648        2.2014896684654777        2.6360296826338887        2.9524591222452341        3.2493450902663850        3.4071900134053377        3.6078550414687376        3.8154768334247193        4.0315726307608539        4.2087115229354763        4.3625422747748503        4.5481156323879564        4.6683224505924139        2.1886041326817126E-003   1.3611947344425990E-003   1.9747861552135760E-003   2.7370194636219263E-003   2.5242338612827446E-003   2.3048848522189309E-003   2.6093448115173611E-003   2.0596712587684827E-003   2.7701578027890862E-003   5.5501399151525865E-003   2.3764040277065241E-003   2.4708213267510171E-003   3.0317726127585707E-003   2.4559341738346055E-003   4.6200164313448082E-003   2.4779146935749582E-003   3.0006133225230292E-003   4.8628030413506813E-003   4.4803122136889903E-003   4.3714777310363429E-003   5.4866876603474040E-003   4.0872687781797392E-003   7.9952227487354501E-003   4.6643647287880671E-003   7.5879309544100619E-003   6.4512902148043489E-003   9.1754629370177782E-003   1.0807123574799869E-002   1.1087426388710195E-002   1.1124090107636759E-002   1.5048568755708367E-002   1.1169646510114510E-002   1.6331890243257412E-002   2.2227723678449468E-002   1.9062059160960976E-002   2.5804612283520857E-002   2.8840715150499456E-002   5.2658009068224668E-002   6.0322424019934352E-002   5.2731651359551511E-002   3.6018280125132009E-002   5.1830143520044794E-002   3.4316767856652858E-002   3.3564345614511798E-002   5.6248546324156164E-002   4.0740242577699093E-002   1.3570640828287467E-002   1.0816509087405472E-002   1.0260622422538246E-002   9.6817524673057254E-003   5.2568210069215589E-002
          11   1.7161173456957622E-003  -4.3005470196109762E-004  -3.4539791374683260E-003  -2.0860716076149238E-003  -1.1826111583419301E-003   3.0644210547342357E-003  -3.8165528700644634E-004   4.5581117211929362E-003   3.5389073192805386E-003   1.6687076811083355E-003  -1.2021790851675664E-003   4.4063779463182828E-003   1.1421700963251968E-003   5.3068844049587232E-003   6.6287108704836091E-004   9.5489579485632040E-006  -3.4015709993953525E-003  -4.3941166021431942E-004  -6.3340578501083948E-003  -9.5812120867786029E-004   8.7179334305322086E-004   6.6360445974826250E-004  -2.0408543736581755E-003   3.0540783061151775E-003   1.7861110615854589E-004   3.2087573879144588E-003  -1.6330980901863689E-003   2.2377679716268700E-003   3.0447383060532109E-003   1.2597301430683322E-002   1.5319963812509156E-002   4.4443099054754624E-002   8.2896762588523021E-002  0.14423345097797327       0.29754455761567772       0.53871379815135090       0.88341578279052124        1.2513536975214594        1.6994916844863168        2.1863212989524805        2.6154395378179056        2.9483885527809379        3.2443643086349279        3.4169830841564233        3.5971642706851328        3.8179039430925639        4.0323324186256801        4.2108284679546264        4.3712501831553956        4.5535778684123871        4.6717880585963423        2.2513284455381983E-003   2.9774083623587840E-003   2.6390995783890088E-003   2.7308711289183024E-003   1.8737965211713490E-003   1.6816517690911089E-003   2.7393438667727976E-003   2.2220892748863593E-003   1.8994082367509017E-003   2.9327678375365329E-003   1.9007407617713235E-003   1.5927692686290699E-003   2.7168417352025436E-003   4.0041327566320631E-003   3.2072711051131715E-003   3.3640749681645116E-003   3.1822752917140067E-003   4.2828790780011835E-003   6.1388905683187707E-003   7.1587285612939857E-003   3.5655420729344186E-003   5.4444846603395785E-003   5.3244355337113526E-003   5.2307291897873238E-003   6.8056236299695854E-003   6.0094823302940283E-003   6.5041713035108887E-003   6.4970315868101225E-003   1.3903574829070616E-002   1.3382851077054971E-002   1.5321054868665994E-002   1.4401759937538394E-002   1.8537058078192382E-002   1.7363810495170405E-002   2.3909812056417450E-002   3.0127181928310251E-002   3.2427606763830913E-002   5.2982242628473744E-002   5.6730545303099053E-002   5.5391843366845182E-002   4.1838763875391032E-002   5.7539469388097529E-002   3.0824082613538896E-002   3.5321121701256279E-002   5.8796693043542327E-002   4.1531167716628258E-002   8.8164755021040986E-003   1.2474340385762525E-002   7.6918317302390243E-003   1.9376771878477195E-002   4.5229225406576021E-002
          12  -1.7531437438685394E-003   1.3536569948250816E-003  -9.1472266246921292E-004  -8.4590515795770127E-004   9.9102338884992291E-004   4.4376926050589290E-004   7.4240641649338571E-004   6.2193411165813888E-004   1.3649621872845916E-003   1.0552007486781076E-003   3.4322139956578252E-003  -2.1375999594052120E-003   7.1961243939374828E-004   4.8189854699947536E-003  -2.7652133031421536E-003   6.4760003542031425E-003  -2.1074871196476320E-003   5.6149865933363956E-004  -4.1518805656353044E-003  -5.3476350867168729E-004   6.5056136768388232E-003   1.2743531758093347E-003  -3.8660355644586078E-003  -1.2328719413018841E-003  -1.4311276668352684E-004   8.9063883342224042E-004   2.8877607232235371E-003  -7.8676765775371835E-003  -9.2947784877516811E-003   9.2224179176822012E-003   4.5756853041796193E-003   3.5939335769579576E-002   6.1167891537390662E-002  0.10950726842142454       0.26059662642057757       0.49686952847705168       0.83904457696831813        1.2318017727921231        1.6536014050611267        2.1668453447402127        2.6074207589309539        2.9278449463515610        3.2365700718341008        3.3909652658044829        3.5979704579565941        3.8110623155709362        4.0403557219248212        4.1974679916138644        4.3664408454344077        4.5597445612415006        4.6605941289553146        2.2118256272430528E-003   2.3326857400566355E-003   1.2439581389923683E-003   1.8246645185991423E-003   3.1929045831981151E-003   1.7409890995218101E-003   1.9285351984945755E-003   2.7649550289724034E-003   2.1230513447996566E-003   2.1813448671343873E-003   3.9967971865829763E-003   2.2185675920397170E-003   3.9069546726547876E-003   2.2385243855529233E-003   3.1708381303863159E-003   3.5669333501682152E-003   3.7465058283307979E-003   4.1847657647390013E-003   3.7457846567466664E-003   6.1263737059707099E-003   4.2790016620987623E-003   4.0325054910650728E-003   6.6054491477768552E-003   6.5936618267858939E-003   5.5735096209920182E-003   6.8487595398548972E-003   5.9016228539363448E-003   1.0041428410270571E-002   1.0335516327496590E-002   1.3289445238997596E-002   1.6149122336453072E-002   2.1072639048638753E-002   2.1100217447194952E-002   1.6313114793114664E-002   1.9905932484792849E-002   3.1620367309353858E-002   3.7007246379107565E-002   5.2685030291136824E-002   5.7230770895355748E-002   5.8169598666440010E-002   3.5756015207776159E-002   5.7148759783918597E-002   4.0983661735014457E-002   3.8403006051140352E-002   6.1417708575401013E-002   4.3068562161687911E-002   1.2745735848239724E-002   1.2380408146754129E-002   9.6758012526999611E-003   1.6101262055645112E-002   4.5748164917565705E-002
          13  -4.3222996972939187E-003   1.5445504599210596E-003   3.8591529995806039E-003   8.8801941920542556E-004   1.2617423548795911E-003  -9.3232103424203039E-004  -1.2390411231602615E-003   8.0070923127221604E-004   1.1891502454917044E-003   3.1625715674711108E-003  -2.0123678414673109E-003   1.5042939386218620E-003   6.1118053192420665E-003  -1.2512962976873603E-003  -1.5817818882272563E-003   5.0515997168855908E-004  -1.8841834858563297E-004   2.0646340749468023E-003  -5.8017068434120045E-003  -1.5412400680433314E-004   6.6690310084549064E-004  -1.7347215989553760E-003   6.7809028699414135E-004   5.8862258329836329E-004   2.5395555938425357E-003  -2.7767325055693798E-003   1.0886265006359306E-002   3.1660450484239638E-003  -2.6658379383617588E-003   7.3695996958568072E-003   1.3535891174019184E-002   3.7697417428689088E-002   5.9043309027115382E-002   8.7518620455751636E-002  0.23991182179383441       0.46758341425346139       0.81040453508103905        1.1973781320571577        1.6305455967450451        2.1571860000472696        2.5927643131872253        2.9015109716394107        3.2324814963613022        3.3876291037670585        3.5909871776890814        3.8112813359256417        4.0451708674025815        4.2097646687244028        4.3744398092778276        4.5502896825208570        4.6740510530327946        2.2222891710663925E-003   1.5112843301109511E-003   1.7381673255831064E-003   4.6388363587117603E-003   1.8790051234056394E-003   2.5198213718043878E-003   2.8227528553660818E-003   2.2694436747128983E-003   3.2887258259395162E-003   2.0670262128599124E-003   3.1758677789613904E-003   2.5244821133912918E-003   2.5323910934543009E-003   2.9783382961990957E-003   6.1392493886688933E-003   3.2082538700432209E-003   4.7556210357927661E-003   3.8043431181300474E-003   4.5398746245971086E-003   3.9535537398157575E-003   6.4663839961520107E-003   5.4865980681803560E-003   4.3001359066489270E-003   5.3781245460311237E-003   1.0000536261006908E-002   5.1059855563009683E-003   7.5674094792493336E-003   6.9660316580142465E-003   1.0453520312927189E-002   1.1624893755979158E-002   1.4073446020451220E-002   1.5530497261100179E-002   2.3754126675522593E-002   1.8442347770774092E-002   2.3142322187261321E-002   2.9228270041037938E-002   3.8358129623376890E-002   4.5551744393036005E-002   6.0091012557436735E-002   5.7175510906206137E-002   4.0382072836177875E-002   6.0661730756933839E-002   3.7448853749180479E-002   4.0571531826778820E-002   6.3203270943875900E-002   4.7882556048106990E-002   6.9932120291229319E-003   1.4809728734479857E-002   6.2020743766190321E-003   1.0183847729744955E-002   4.9976581408964382E-002
          14  -2.6979799609934672E-003   2.0316764312618774E-003   1.3966095277023435E-003  -9.6658014480894758E-004  -1.4317217096436953E-003   8.2681994450392195E-005  -3.8699238719934470E-003   5.1014283028705612E-004  -1.8564916971176861E-003   2.0731015218545452E-003  -4.2952197343472760E-003  -7.9800420669527792E-004  -2.2232406587108619E-003  -1.2992693270392848E-003   7.9329221500330576E-004  -2.9509534019295071E-003   5.2259918642243320E-003   6.0612202324187821E-003  -2.8439713630405575E-003  -3.0817865813943372E-003  -2.9611886216961720E-003  -1.5457832576851176E-003  -3.3435117725050479E-004  -1.3051427011845523E-003  -1.8860752239334153E-003  -1.3966051339253636E-002   6.8696156126530541E-003   9.8974978410963817E-003   7.8460564408006014E-003   8.1409475883216717E-003   1.0294888474936256E-002   2.0401249284397283E-002   4.7029497304180885E-002   7.5944895753060501E-002  0.24311513697251225       0.44679361942892110       0.78611541670306762        1.1824852938065507        1.6055341916136059        2.1475373343961914        2.5649043376641569        2.8972346865077645        3.2332578757459474        3.3835432562155683        3.6001964725554441        3.8031204681270778        4.0472909383669791        4.2035187836803862        4.3756950020618559        4.5451092441169161        4.6710680292286382        1.5534114672244739E-003   1.7532392426374502E-003   2.8336805767353026E-003   2.3496790863380274E-003   2.3110224697484513E-003   1.9355620144809592E-003   2.9317353122287762E-003   3.7678347794259763E-003   1.9399390099273757E-003   2.6928082712767108E-003   2.7946037518134423E-003   2.3217234061609347E-003   2.9805247650161511E-003   3.2782628897155218E-003   2.9309334677078982E-003   3.4160270919043174E-003   5.4801815945804758E-003   4.6765121376859250E-003   3.2719410691148948E-003   4.0839916245653633E-003   3.5954882056909972E-003   4.7820837035630155E-003   4.2620469815236196E-003   8.1383093863724686E-003   7.5107307911992521E-003   5.9697014775777603E-003   7.0784075005420801E-003   1.2721319840006620E-002   6.7842693888670843E-003   1.0323167210778011E-002   9.1348451735923687E-003   1.5064008053441248E-002   2.1359019739852703E-002   1.7916513151612783E-002   2.7272099354477154E-002   3.1180420591679091E-002   4.1094427188206488E-002   4.4193553737268278E-002   5.9781143219257836E-002   5.9692556010905763E-002   4.5925927702783989E-002   6.3727411753312591E-002   3.9027886983565109E-002   4.2318588251398011E-002   6.0296381792473583E-002   4.7584365469252959E-002   1.1799027359288110E-002   1.3005786485355133E-002   7.7017369049013473E-003   1.0196591585065987E-002   4.9343921019678778E-002
          15  -2.5655863213876096E-003   3.6672029510249588E-005   3.6024182495073768E-004   1.0645659487851487E-003   2.4602975091360510E-004   1.1777276603569927E-004   3.1647827239839369E-004  -2.1007931541495200E-004   3.6841762304477349E-004   2.9048626162893475E-003  -1.4998265088803568E-003   2.9456780874057005E-003   1.0337134362250336E-003   4.7347392567184954E-003   2.0002234040895654E-003   4.2947621234076740E-004   3.5364286982342654E-003   7.5063843024243300E-003  -1.7466624123037449E-003  -9.0636831993221045E-004   2.0388965310712406E-004  -9.7155843479439436E-004  -1.6717642290089512E-003   2.1077342512231842E-003  -2.9756029089247904E-003  -5.8332803500013705E-003   1.1632388286254413E-002   1.7680470774402992E-003   1.6587908802212239E-003  -2.0104047053122209E-003   1.1059894339476526E-002   2.5989162535355523E-002   3.1868835304908381E-002   8.7281838492230382E-002  0.24927490350709103       0.44569522023857105       0.77273244712045319        1.1556934589695980        1.5977307804710486        2.1307468183645750        2.5563977049362889        2.9080313681700853        3.2273867559273044        3.3898286104176383        3.5927305991734517        3.7999856397623324        4.0473391552965436        4.2085089098217248        4.3697236245635036        4.5487266153687473        4.6675181143303126        1.7982613856040895E-003   3.5568263660215984E-003   1.9053420854137908E-003   2.0489251211804108E-003   1.8792767270250144E-003   2.0909019981654371E-003   2.5268606800097860E-003   2.8054974661967927E-003   2.5032530537932073E-003   3.2652410366412464E-003   3.2633862785487787E-003   2.5788354654716550E-003   4.0834261534510525E-003   2.9343573703970753E-003   4.3182664854200413E-003   4.3534878397835852E-003   2.4657734905623872E-003   2.8460990098062014E-003   3.1977784854574851E-003   3.4530639430520272E-003   5.2223736501955543E-003   5.5905080517044785E-003   6.4219025350936137E-003   5.2395506690052444E-003   8.0163133561666593E-003   5.8331111604313923E-003   7.7007141156399351E-003   1.0376933964437916E-002   1.2542580477622934E-002   1.1100230298593415E-002   1.1425390196168624E-002   1.2759686620963499E-002   2.3450086595775646E-002   1.3596540291730566E-002   3.1287983224118521E-002   3.6655540106260674E-002   3.9546218855279223E-002   4.4832627116662110E-002   5.8793081373690034E-002   5.7498288815428504E-002   4.1841311327654396E-002   6.6271404559388208E-002   3.8590549525392641E-002   4.2141777089614765E-002   5.6255400957667706E-002   5.2449922824735956E-002   9.9206129110495957E-003   1.4349819485324612E-002   8.1711825020056895E-003   1.0590267636190025E-002   3.9047416531679383E-002
          16  -1.1000858376386527E-003  -6.2957647757188597E-004  -3.2335435996413936E-003  -7.8161285939335801E-004   1.1455325213974258E-003   1.3159978882124825E-003   2.8759300936811614E-003  -2.7524135194558879E-004   1.6331272308111194E-003   6.8000154273543056E-004  -2.9819665316829958E-003  -2.3026665054010700E-003   7.6534941754027107E-005  -3.8465036553038217E-004   1.0609611426606223E-003  -3.4124895140758421E-003   2.6990195633288675E-003   2.1121127474458800E-004   3.6936457674905999E-003   1.9095853147596804E-003   7.3264475365924413E-004   5.2478450189903285E-003   7.1014678943492077E-003  -2.8393760078414595E-003  -2.9600018315198875E-003   1.0303420618856906E-003   1.2707886161809947E-002  -9.3794009677752935E-003   9.6980567436681685E-004   4.9949259570874153E-003   1.8210708253278408E-002   8.1489457231550908E-003   3.8674098747555431E-002   9.8812373910457704E-002  0.23435488680291927       0.43659784605459601       0.75995821904971794        1.1387198828776830        1.5938037167666710        2.1270837835612202        2.5562819659846214        2.9127051849063061        3.2263172014774293        3.3833445271041205        3.5836580705183407        3.7953909811537416        4.0409460739547471        4.2027194329482223        4.3704962496364743        4.5436405332868626        4.6666292525176942        1.8811829843249570E-003   2.6511818849620380E-003   3.3501947560927005E-003   2.5851362103256653E-003   2.3555285527551801E-003   2.2164057894418008E-003   3.2697682990297161E-003   3.8103027325198002E-003   3.0139990415867352E-003   2.8224405157279125E-003   2.9201112071172270E-003   3.6458615222611187E-003   3.5874364185407561E-003   2.0671674225455610E-003   2.8263736315387302E-003   3.5350196339367997E-003   3.1843401115129325E-003   4.2792006959855491E-003   3.7225075335262348E-003   3.3689203151754214E-003   4.5800128837576353E-003   4.8165386318791909E-003   4.6396471530505802E-003   4.0701546504693870E-003   1.0154313067400854E-002   7.2409484668712540E-003   5.9624743946228038E-003   5.9199635386677817E-003   7.9892526063356280E-003   1.1232940478166347E-002   1.1789725728005454E-002   1.0878352775664119E-002   2.3208633374985990E-002   1.9812173869596248E-002   2.6824737198641344E-002   3.3072009208901680E-002   4.2435283374028389E-002   4.4745278258699721E-002   5.8069383712117860E-002   5.8147384016913516E-002   4.3361321371350584E-002   7.2034556606243735E-002   4.3869054217576899E-002   4.4859634691371414E-002   5.4300412095108122E-002   6.0222941682785497E-002   9.2673080566321731E-003   1.3484617702197476E-002   1.0120644230034458E-002   1.2807583705370232E-002   3.9366841415373666E-002
          17  -8.4509786682198317E-004   8.2053673876905363E-005  -2.8052015819196798E-003  -2.5840246597204062E-005  -1.0981469867635508E-003   2.0121936003956579E-003   3.1105304220205754E-003   1.5556818159621841E-003   1.7786551620049978E-003   4.3625816124164569E-003  -2.1008431912448774E-004  -2.2686828281253779E-003   4.3648268713529753E-004  -5.2314103311766154E-003  -8.5218489693835581E-006  -3.0446548219453546E-003   1.5166495338637008E-003  -5.5538303109472107E-003  -1.0949941399983421E-003  -8.1802004974245758E-003  -1.2924212168732802E-003   6.1548426316246716E-003   3.1098831708587468E-003  -5.9129607369512623E-003  -3.4043116200392297E-003   9.8598803771800091E-003   1.7860500948258260E-003  -8.5073245520385175E-003  -2.2150900104189017E-003   1.3789380031015586E-002   1.8299269398966742E-002   2.4820825251533597E-002   3.4739954382430757E-002  0.10858196964502267       0.23919630803517347       0.43925060036631530       0.74841772030578446        1.1319788459207016        1.5918114689159597        2.1373052242912141        2.5502515686724005        2.9286985146794331        3.2228381824922914        3.3930982707813651        3.5989373774768709        3.7946269892773659        4.0378279473793564        4.2030289522435913        4.3636317412864152        4.5505225239763885        4.6751022859892837        3.6744615402635157E-003   2.9399758974732980E-003   1.8698867581300621E-003   2.3755465898959317E-003   2.3366732393378634E-003   2.1296768574792938E-003   2.6541726352154252E-003   3.1006041610308174E-003   2.6204787332853360E-003   3.3353391249690131E-003   1.8832340253994162E-003   2.8288410939565200E-003   2.5988359111325499E-003   3.0510276617338604E-003   4.7629132102325264E-003   4.4231466584418238E-003   4.1473736477192578E-003   4.7928177440283758E-003   3.6956549681957562E-003   4.5501339278195049E-003   5.6405285964960744E-003   6.4634750670520833E-003   4.4875168868090372E-003   5.6495983334651223E-003   1.0345752874730260E-002   6.7358452539919783E-003   8.3598008025467067E-003   1.2994661860014087E-002   6.3466976298366473E-003   1.0395380611800212E-002   1.4119637808282029E-002   1.1748538652004771E-002   1.9999521158018958E-002   2.0138935508502674E-002   3.0323664295585369E-002   3.3629814680454513E-002   3.9361853061412502E-002   4.9804405455788181E-002   5.8960968292928441E-002   6.3933576141958465E-002   4.1561110712599277E-002   6.8718902676149024E-002   3.8834643352409909E-002   4.3889186813262690E-002   6.2661124723925307E-002   5.9439945057502948E-002   1.1408150703332119E-002   1.2122712990372091E-002   8.6730669419829223E-003   1.0532055186353965E-002   4.2594678259626720E-002
          18   9.1993533589195041E-004   4.6137050635062524E-003  -2.7603958182601624E-003   2.6941030908088329E-003  -7.6246358549746671E-005   8.4526888398424034E-004   3.2671199133938573E-003  -1.4357347991500427E-003   1.1794745932438171E-004   4.5945360252364666E-004   9.2691455074026495E-004  -7.5214751891914951E-004  -2.6313342983034856E-003  -2.1852762592447137E-003   1.9484541148923197E-003   6.0791145598656539E-004   1.3143525839380465E-003   5.5019128953359610E-005  -1.4015706332039129E-003  -3.9081926993123680E-003   5.2570458415186075E-003   5.4757597059625846E-003  -2.5620428496787397E-003  -3.5813655834576515E-003   6.9145829786373212E-003   1.2842726781026363E-003   7.3779765080002539E-005  -1.9711864049896189E-003  -9.7911378558552010E-003   2.5143543747363949E-002   2.1693422436169500E-002   2.8059645397558942E-002   5.2915883757002520E-002  0.11095328271703124       0.25281981830237915       0.44729349623838338       0.76374261258574816        1.1306065477705023        1.6008707136380282        2.1567301709426507        2.5484605731638692        2.9310201525497450        3.2219973987801565        3.3777022696926742        3.5901794796053403        3.8041554473436463        4.0489080999819755        4.2148463185824916        4.3747775066274635        4.5609077566952427        4.6798623279816987        2.2322145420770392E-003   1.7226061584884552E-003   2.7735521597390578E-003   2.3765882573847041E-003   2.0511136007472937E-003   2.7229452167494643E-003   1.7196036197295911E-003   3.1501326130531420E-003   1.9109054575300515E-003   3.3133327168837676E-003   2.5358476612669760E-003   2.8469134618249623E-003   3.7163654466792081E-003   3.9434096241037905E-003   3.9975239581909044E-003   2.8093662032679656E-003   3.9809909644767964E-003   4.3613048203743222E-003   6.1352368741629821E-003   4.4647655768441218E-003   3.9466730215032718E-003   5.5392841819345215E-003   4.6075302725059426E-003   4.7233686770951884E-003   6.1255314258098379E-003   1.2081746048811777E-002   7.3053273175902461E-003   1.0695141263654074E-002   1.1006286094609173E-002   9.9252205233950081E-003   1.5238190311627839E-002   1.1337398824622076E-002   1.9054492636598773E-002   1.4794915944384051E-002   3.3470398784842433E-002   3.7927440436621267E-002   4.1136036897403305E-002   4.7543311793658886E-002   5.9726106529379194E-002   6.3163872464211679E-002   3.9222995988321650E-002   6.1568267847762238E-002   4.1673748606590781E-002   4.6795284456888651E-002   6.1018747811660771E-002   6.2226653775151533E-002   1.0330206978323004E-002   1.4551095201070953E-002   8.8235139187224313E-003   1.3818845880446304E-002   4.1131046209696778E-002
          19  -2.5816332093444162E-003   6.7475485760417795E-004   1.3377176454794237E-004   5.4827160997590943E-004  -3.8437000985731525E-003   4.5890495759512846E-004   1.4271872086847346E-004   4.8056540157214144E-004   4.0683878525832128E-004   1.4565239906085385E-003  -4.8021890359160174E-004   6.4921728976521871E-005  -2.2164526710573519E-003   1.4272873240390471E-003  -3.5458461605451081E-004  -1.4622246103434778E-003   3.1902809018382939E-003  -1.4650817270802782E-003  -2.7371078005114578E-003   4.4914451142018149E-004  -5.5980456560544619E-003   1.3425599456307107E-002  -3.7809768935766325E-003   6.8458119627347346E-004   3.4148529677303372E-003  -6.8298387702167684E-003   3.0636886550291023E-003  -4.1721931576507538E-003  -4.8864696853971028E-003   8.6666367707947372E-003   2.0415212484677002E-002   3.6397429891606187E-002   5.0818576923919452E-002  0.13286534794742602       0.24357822989412936       0.47544490095382042       0.77240730505973487        1.1573316319653939        1.6275891218241356        2.1659637733734987        2.5515281398128309        2.9385279723105526        3.2211740104385025        3.3827752035496030        3.5867578493804255        3.8090268143107426        4.0343761763940780        4.2019972767852094        4.3569690223463748        4.5463314505678944        4.6787764997131802        2.2555718575109390E-003   2.4515222838504304E-003   1.8099267016930584E-003   2.3488554613822874E-003   2.5626450204110779E-003   2.6229941452633439E-003   1.9285250975712468E-003   2.5487372767472039E-003   2.1932560776676750E-003   2.1140623456019510E-003   2.7077725812249790E-003   3.3080158706155706E-003   2.8291148353925461E-003   3.4568935297070416E-003   4.8223627360428145E-003   3.0792112730270607E-003   3.6670248351967616E-003   5.7476502208054243E-003   3.7105329665600311E-003   5.7451313229198000E-003   4.7828946002401694E-003   5.0073518175871249E-003   5.4265041311176232E-003   6.8077060865923073E-003   6.0147554985999184E-003   1.1337509144579948E-002   7.2436540859521087E-003   8.8806742723431999E-003   8.8497410202424860E-003   9.4882356245475190E-003   1.2784660940476901E-002   1.3802797666580472E-002   1.7315699192081011E-002   1.5518722540675775E-002   3.6679131439132075E-002   4.0396677981104787E-002   4.0965180038185514E-002   4.3497143689729491E-002   5.6938762670533799E-002   5.4916204651871588E-002   3.7094203956256559E-002   6.2998171988434271E-002   3.7605439861532197E-002   4.6456464918660567E-002   5.6456477547744667E-002   6.4373036593207256E-002   1.1274576618755782E-002   1.1375640809350909E-002   1.2652185683341845E-002   2.1418761843618146E-002   3.6399788551913004E-002
          20  -3.4687394557930635E-004   1.9738359436214719E-003  -1.6676665335047260E-003  -6.9015356921215852E-004  -1.1816084865620348E-003  -2.2832636693678239E-004  -9.1519086126180512E-004  -2.4351885054667041E-003  -3.9154070236506298E-004   5.0014621233517779E-004  -1.6491391606120807E-003  -3.5337125676451345E-003  -3.7880881117868886E-003  -1.9490081960631981E-003  -1.4577516828645309E-003  -3.0197911137540899E-003   1.0323613458274442E-003  -1.1152795281051547E-003  -3.3477548776355715E-003  -2.0960059766555101E-003  -5.2389630941101911E-003   7.4168142137004565E-003  -7.8241008120994871E-003  -2.2627991225783509E-003   4.8544281116915692E-003   6.0573753070968777E-003   6.6689465137700745E-003  -1.3441724685436150E-003   1.5191790444551768E-003   1.3037215511912800E-002   1.3860852095550906E-002   4.4710648123266403E-002   6.6153119391259327E-002  0.13255941617267206       0.26111322607098003       0.48272523205067314       0.79825403667743333        1.1805564846551084        1.6425262980837336        2.1847152783931905        2.5720706471981454        2.9639252168717518        3.2261939467372320        3.3852148521726169        3.5839061831445376        3.7993736480743263        4.0435612461810644        4.1947298687463812        4.3701653165302421        4.5529785903449396        4.6735638735210046        1.7677570332552675E-003   2.0192193930088937E-003   2.7912226622459962E-003   3.1193623212124903E-003   3.6127764995857528E-003   2.1808200174165105E-003   1.6267883237827505E-003   3.2058010294992579E-003   2.7413573399748372E-003   5.7774596700447588E-003   3.5028160490226238E-003   2.7308870629101957E-003   3.9076014288850968E-003   2.8021859243076482E-003   3.3236760070018776E-003   3.4487043708899935E-003   3.8413863901926048E-003   3.7860896860336789E-003   4.6280477563530667E-003   5.4235520509703780E-003   3.5534944709222542E-003   7.6258387793722310E-003   4.7822783028596966E-003   6.0518700881063850E-003   6.6872226595007384E-003   7.5763211050162817E-003   8.0207128567823752E-003   1.3072917252804092E-002   1.2935241290468498E-002   1.0720560726821912E-002   1.1155497726208961E-002   1.7157303442410485E-002   1.5830272437963974E-002   1.4942720456143609E-002   3.5702698259599923E-002   3.8984363609902713E-002   4.1266267602148153E-002   4.0807513009104505E-002   5.4373820326583472E-002   5.2914905651964592E-002   3.5101252294324446E-002   5.6368200900293854E-002   3.5742759401936358E-002   4.6828078520715619E-002   5.3320692900640752E-002   6.4489796596150617E-002   1.0926153100522643E-002   1.1188823954920756E-002   7.3516595128700936E-003   1.2588205181416309E-002   4.3160424762664885E-002
          21   3.8744537402839234E-004   3.4365543029255719E-003   1.6474258950162489E-003  -1.7296826768553909E-003  -1.6083759007982496E-003  -8.0745982877986251E-004  -1.3377133938029515E-003  -8.5597270394313695E-004   4.7429518293069618E-005  -1.9254577702456888E-003  -6.6837558905506105E-004  -5.9763125728441837E-003  -2.2721131135624941E-003  -1.1694114466554841E-003   2.1338407461699740E-003   1.7229924751133224E-003  -4.8367464014243322E-004  -1.4136140919899175E-003   1.5693823139705818E-003   3.2337748047851561E-003  -4.1377481329812589E-003  -6.5893276059028451E-003  -9.2538537833022699E-004  -2.0071982465609812E-003   1.5337107393520162E-003   3.8793301708276362E-003   6.3738575679276443E-003  -5.6442531250261952E-003  -1.1550606702277338E-002   1.7452441273317722E-002   5.7187188863615781E-003   4.7653087514797916E-002   8.1890464487678769E-002  0.17028170506380944       0.29335790760232366       0.51859574805524655       0.84816772970465637        1.2405168297500309        1.6752963339496298        2.2055072292364146        2.5946130239426237        2.9801547332739076        3.2261831855163510        3.3794019325842917        3.5880271134301629        3.7995248801728043        4.0462207345756287        4.2086881134969030        4.3717692275207378        4.5521610012981686        4.6753900349978590        1.4828579501010184E-003   2.0386801589416643E-003   2.2260947559761316E-003   2.0105851953598711E-003   1.8524006873488045E-003   2.6911243285707076E-003   3.2997377537708006E-003   3.2033356286584568E-003   1.9632035889201810E-003   2.9971772898355897E-003   1.7105360432287525E-003   2.5585577713614061E-003   3.0679461179262610E-003   2.9958729790193540E-003   3.2149116559496435E-003   3.7334161090941628E-003   3.4086030305925238E-003   3.8282179984091978E-003   4.0902505843325920E-003   6.7654021848044116E-003   3.9264137221645826E-003   6.0157802522896216E-003   5.9560424107882237E-003   6.3158936245274562E-003   4.8138564111709688E-003   8.4040427694393686E-003   8.7016649190113995E-003   1.0356316480251279E-002   1.2154178813083175E-002   1.1893855478623547E-002   1.4621481846758613E-002   1.7812555588153901E-002   1.4773704548013277E-002   1.3324652599483922E-002   3.4826487530471469E-002   4.3648161657801075E-002   3.1998828893344426E-002   3.9203742697346722E-002   4.9410548226318761E-002   5.3348226012115613E-002   3.5268869310005911E-002   4.5252900804683138E-002   3.6738698848970464E-002   5.1604531447071243E-002   5.3188214742641494E-002   6.8630228537818083E-002   8.3330075421891477E-003   1.3920031704258429E-002   1.4446170446174425E-002   1.4723063953320428E-002   3.9422972307461709E-002
          22   2.6169773139330717E-003   2.5363072108119992E-003   1.7323895976671547E-003   1.2936359315386988E-003   1.6689446250766117E-003  -1.0503787059156879E-003  -7.9307847015252424E-004   3.3322345839791322E-004   8.6984670083401655E-004  -2.4724084406134235E-003   5.6745412576918338E-004  -9.8866697448429602E-004   3.0432270916900361E-003   3.4868210105234664E-003   1.6665008809037506E-003   2.6082977254703473E-003  -1.4372124009489741E-003  -1.2828434841917554E-003   5.6180244146153370E-003   2.2039230406388885E-003   3.5345327032092820E-003  -9.5744116661524781E-004   5.7727639768954111E-003  -2.1350601726861959E-003  -1.0358086983210469E-003   2.1479333044739416E-005   4.9329990439046833E-003  -8.8341342404787936E-003  -6.7334109997877981E-003   1.3215329770523285E-002   2.1599653454645540E-002   7.1497691032645985E-002  0.10306149894921261       0.20864305363314903       0.34753068449768237       0.57953293619325297       0.89156834968107745        1.2983794590636286        1.7190848291538645        2.2458380780653378        2.6060393156300417        2.9779035176843469        3.2392541146347447        3.3962092239283805        3.5833142779146088        3.7974992074000729        4.0352685218615516        4.2127270279544016        4.3739349460134651        4.5570114812586739        4.6748289317540106        2.0803583942778725E-003   2.3734382846889008E-003   2.1335380745973139E-003   2.0775299596606915E-003   1.9587154556169515E-003   2.0660158281148194E-003   3.4063665196873132E-003   2.4797911265243568E-003   2.4146417840336474E-003   2.6109083241514851E-003   2.1650234067144515E-003   2.5370048503358012E-003   4.9920666933973698E-003   3.1015961745792962E-003   2.9167345949790732E-003   3.4645305624971191E-003   3.7204963575637536E-003   3.2215617758054966E-003   3.1634053550954272E-003   7.4630043391199974E-003   4.4137161913226216E-003   8.5462379697454228E-003   5.7516903573592067E-003   8.1662269631076825E-003   6.8688094538276855E-003   6.1723116204249612E-003   6.1800507729646457E-003   9.7763417548375753E-003   1.4132562730434159E-002   9.2187803179835225E-003   1.5144173771673168E-002   1.2227395182360193E-002   1.4121060457403359E-002   1.4377785934905785E-002   3.6551580920274801E-002   2.8370907582474195E-002   3.3352726430016279E-002   3.7711575064655688E-002   4.5344140714154671E-002   5.0304491781122403E-002   3.1256513794805624E-002   4.4888492601693940E-002   4.2524093873170132E-002   4.2292021677866116E-002   4.9719197941824542E-002   6.6117690922878045E-002   1.3677455938859454E-002   1.1750736034839622E-002   1.2890213274549200E-002   9.8976695646298494E-003   4.1237355942592584E-002
          23  -1.1018740934067921E-003  -3.1026537352186242E-004   1.3572535381033883E-003   4.1424917225865339E-003  -9.4027486194042838E-004   9.5764221725872000E-004   4.6775852900584258E-003  -1.4645473524267890E-003   2.2262525546128695E-004   1.1078903492488404E-003   8.7267644403924555E-004   8.6798688606450731E-004   1.3626821953302804E-003   2.7401522466082850E-003  -1.6751624392655361E-003  -2.6948198256492560E-004   2.0354826529562250E-003  -6.5475519759193987E-003  -3.0697697376470723E-003   5.8746845173927396E-003   1.8288141763004458E-003  -2.2806893280262227E-003   5.3901301508533896E-003  -2.8332430638065517E-003   3.7539356994772179E-004  -1.1011633361288097E-003   5.4315713479112628E-003   8.2161248039891825E-003   2.7054848441323254E-003   3.1156722768366993E-002   3.3754149534995052E-002   8.4700438194335786E-002  0.12795548901043977       0.23733175025247860       0.38983367056972329       0.63228875192075185       0.95603908589734587        1.3650800572015434        1.7672710716308244        2.2721798090169059        2.6250359810357247        2.9860232601488823        3.2454089506317483        3.3980039298343927        3.5890689225760295        3.7975613985408643        4.0324341042321850        4.2082607675420585        4.3688576855553247        4.5526723611522906        4.6698569252180429        2.0246342267192254E-003   3.8288089513434571E-003   1.8471114941335709E-003   2.9882318871011851E-003   2.3104631251431068E-003   2.5884528329598987E-003   1.9433044333307735E-003   2.4375080791143987E-003   2.3921054422503859E-003   3.4445453286016422E-003   2.3465566844025950E-003   2.4412919668953511E-003   2.8841373087343915E-003   2.3969501950538781E-003   3.5749246232411320E-003   3.0198461578598754E-003   4.6576505011749446E-003   3.5466430097992195E-003   4.5188998547516504E-003   5.4408557757754054E-003   5.3785422255332406E-003   5.1327810251770691E-003   5.8040908181496553E-003   1.1879674212469807E-002   5.5049846547517824E-003   5.4920728947607479E-003   5.7498262140137438E-003   8.5851150790154634E-003   7.5578593216362724E-003   1.2717195929235835E-002   1.4449482104826446E-002   1.1696358043367229E-002   1.5985916087804773E-002   1.3456269905640462E-002   2.5640910436753032E-002   2.2115126914234923E-002   3.4975718986154716E-002   3.4926165924230840E-002   4.6416283183363168E-002   4.5510401179537009E-002   3.5248740608572957E-002   3.8596413779779591E-002   3.1952603739501005E-002   3.9957487739836137E-002   5.0569199926819783E-002   6.7072532624377193E-002   1.0333071070739544E-002   8.5364366198735914E-003   9.2360865076579184E-003   9.0104478613215275E-003   3.2699831531749261E-002
          24  -1.7870673921212658E-003  -1.0436529595428236E-003   9.3724752102071192E-004   5.0210338838587430E-004  -4.0950936923608745E-003   2.1409970603199291E-003  -7.0798473960529795E-004  -3.1712972885787195E-003   1.0088223885598214E-003   9.1472351886004989E-005   2.0562242324578222E-003   3.6231617514005179E-003   5.8556867453290031E-003   2.0235338726615293E-004   6.6329714994219243E-004  -1.2161180648543194E-003   5.6978183691973349E-004  -7.6422466053101246E-004  -8.3880204457219467E-003   3.3389551718673075E-003   3.6962678818751294E-003   2.0439565878971580E-003   7.8275308428903318E-004  -2.8643565057736536E-003   2.3562622698248470E-003   9.1787714428265780E-003   9.1982850263366885E-003   1.5978913575401307E-002   1.7704480984344885E-002   5.4848153474665838E-002   5.9653267874045096E-002  0.11065888854313369       0.15878307148700987       0.27561876080387721       0.42784232310787423       0.71434338332556846        1.0279843995202511        1.4200697125878710        1.8530752271455291        2.2912285392820366        2.6506077778607624        3.0149362247431553        3.2421925686225279        3.3846323481498835        3.5971721731019191        3.8121362229841149        4.0312590560058625        4.1955765542243064        4.3767487102203964        4.5570768651126201        4.6740015062029743        2.0250697665448398E-003   2.2356373016184524E-003   2.7288623170429837E-003   3.0355091332994653E-003   1.6917039275776314E-003   2.7119947613297307E-003   2.3441307776680552E-003   1.6925888226973901E-003   1.9187865722209683E-003   3.0835594583516457E-003   3.7642617754409038E-003   2.7405934675627142E-003   4.0943809115581761E-003   3.2953208349200125E-003   3.6582708798278290E-003   5.8097669879591625E-003   3.3744895218055862E-003   3.7385355670513168E-003   4.2559297951368490E-003   4.5397175226707630E-003   5.0964537444289299E-003   5.5204170860300803E-003   3.9697401435279086E-003   7.8796283864748327E-003   7.0080012351627181E-003   8.0789266437079881E-003   5.3710792545723874E-003   1.0645437381623133E-002   1.1230730642662161E-002   1.5368597734083000E-002   1.1613375469488048E-002   1.7627106633983942E-002   1.6669177589533381E-002   1.5084637498938909E-002   2.6613506522216657E-002   2.9225481524688342E-002   3.0043586454068578E-002   4.0426595477933328E-002   4.3219062367950291E-002   3.7975054254708172E-002   3.4013459927851451E-002   4.0639797823548054E-002   2.9298217912838220E-002   3.8511501636943668E-002   4.4317705412666060E-002   6.1887531055928230E-002   8.2804465064229994E-003   1.0745928317863274E-002   1.2208951526207065E-002   8.2686275657780379E-003   3.0271887076495051E-002
          25   1.6427821416323972E-003  -2.7275452498811418E-004   9.9577003277655706E-005  -7.7196247926372555E-004  -1.5828710983478535E-003  -8.2101229313120115E-004  -1.5628022884683211E-003   1.0154428266508444E-003  -1.1220595538052472E-003   7.6116434842539947E-004   2.9799355880675616E-003  -1.2150130092132691E-003   3.6991781972205623E-004   5.9559314719862346E-004  -3.7659654491813198E-003  -3.4384865040169837E-003   2.1915906073849572E-003  -2.8873336712013382E-003   2.9273862531996046E-003   2.1777097630427439E-003  -1.4939319261146069E-003  -7.3736907531041739E-004   1.3850220644026584E-003  -1.0490517196719026E-003   3.4991801280710309E-003   7.6954395901748735E-003   1.4537687463091226E-002   3.5326093438652006E-002   2.0945338952975477E-002   6.9543116805056107E-002   9.1573203686349677E-002  0.13333345169878355       0.21784281846423295       0.33938775793955317       0.50789503056164176       0.82037426574256256        1.1068994595963766        1.5017068248620251        1.9021790436841970        2.3276309937970892        2.6793838822899425        3.0209482523339286        3.2538428822125338        3.3889322174423380        3.5985787038132844        3.8083631107138447        4.0353299765682156        4.2167617613815249        4.3732012408182754        4.5439743738271039        4.6816130993170457        1.7899495625723202E-003   2.0468108813584619E-003   1.6336125891583861E-003   2.2364260989277069E-003   2.2615252988345065E-003   2.3664397906916204E-003   2.1218588938045593E-003   3.0273950536251950E-003   2.4151886296700353E-003   2.2538682078730543E-003   3.1380481014919256E-003   4.0967289537403428E-003   2.5434971075973169E-003   2.7978670798680634E-003   3.3502248176244457E-003   3.4691182512944234E-003   4.1747179534810108E-003   4.5320034207206516E-003   4.8008367723531989E-003   6.4210070571565367E-003   5.2514818770532786E-003   4.6933180812689500E-003   8.0343738882556383E-003   7.0701075875340144E-003   9.1806126932373385E-003   7.3185011810337555E-003   7.2615175271058029E-003   1.3268102385231323E-002   8.7484000441032644E-003   1.3520550924921682E-002   1.5822624775176646E-002   1.7373625600320991E-002   1.9326756705437518E-002   1.3505571078393850E-002   2.1901744007087165E-002   2.7489973925536794E-002   3.0462421476228751E-002   3.9638350903061219E-002   4.1162870764947061E-002   3.6129401425147679E-002   3.2029131856372330E-002   3.6324765220155840E-002   2.6031644934707922E-002   3.8121945650872777E-002   4.4603718496480295E-002   6.1329995374431519E-002   1.0591152338566065E-002   1.2773875941388801E-002   7.9975861393018505E-003   8.9742435397297208E-003   3.0962967459500175E-002
          26   1.9786927391161136E-003  -1.7973223563482982E-003   3.0405224403406892E-003  -2.8042212020537196E-003   7.4311190460794505E-004  -2.4068414678897745E-003   3.0848685477330531E-003  -3.3460669226077120E-003   7.5175639691161763E-004  -1.8040274037677724E-003  -2.5859203321887007E-004   1.8026254836340130E-003   6.4894821867510504E-004  -1.7293456255988943E-003   2.1625690008043341E-003   1.5556522410907466E-003   3.5862491106195471E-003  -3.8606268515847132E-003  -4.9999726424549045E-003  -3.3896267897150418E-004   2.6613069383981873E-003   4.3319769183281203E-004  -4.4289896171233970E-003   4.2453367664296496E-004   7.4751088537849709E-003   7.8789633523998724E-003   1.6598934100861398E-002   4.8307827909074383E-002   4.7094604927792674E-002   8.8575437040954080E-002  0.11885710439612034       0.18785304624995536       0.28746082849873922       0.41996159061065141       0.61903145555220995       0.92015027884568412        1.1981661958145366        1.5840747785614759        1.9693397133667792        2.3770557544162028        2.7099311737513263        3.0293590170224776        3.2538888259350274        3.3965627646482970        3.6009703251842167        3.8060574988492153        4.0411433357489992        4.2135463483114277        4.3657806667566881        4.5401325877303176        4.6944525469862537        2.5412380593116085E-003   2.0739168821380665E-003   2.4221485545941447E-003   2.7747404994719676E-003   2.5856697037942521E-003   2.5204126079400742E-003   3.3172261068770493E-003   2.0566291597965999E-003   2.8659376681981598E-003   2.7136795826003743E-003   3.7638784783266808E-003   2.7812213794133839E-003   3.1709423462619843E-003   3.1995308755898145E-003   2.9708080624007071E-003   3.3814179903481987E-003   4.7862957458212748E-003   4.0899421719158896E-003   5.4247770118578294E-003   4.6064068561040882E-003   4.6878980593204828E-003   5.4410105882066236E-003   7.3352051617874229E-003   4.9691121079522907E-003   1.0561514912917109E-002   6.4284239088657239E-003   6.9332962057365522E-003   8.6800044753089518E-003   7.7241669395445751E-003   1.2122822682240084E-002   1.3046924153221236E-002   1.3649848078625095E-002   1.4836820117156695E-002   1.7727022588385058E-002   2.1008458511189269E-002   2.9002647732666781E-002   2.7730162741241526E-002   3.0463209252434491E-002   3.7568722472778177E-002   3.3336457782803211E-002   2.8213464736566801E-002   3.1793970870602643E-002   2.1406171064169564E-002   3.2748076193974671E-002   4.8458133630984751E-002   5.5368662250946998E-002   1.1971530087249414E-002   8.3103343030749444E-003   7.6064159484445651E-003   1.4464151455087077E-002   2.4571537759148897E-002
          27   5.3148142738780916E-004   5.7705481709964047E-004   6.2140925580412057E-004   1.7081134518634409E-005   9.7472239186732887E-004   3.3295296276198050E-003   1.8445779268415133E-003   2.3583282668103149E-004   5.8315037189772447E-004   1.7691580129508026E-003   1.1102098248345277E-003   7.9634122082060551E-004  -2.0408769456529592E-003   1.0079571033878144E-003   1.5250470271425979E-003   1.7385602031508853E-003   7.5829575720028639E-003   2.4972882609200818E-003   1.3733922110919477E-003   4.2255157541604155E-003   8.0184023118136313E-003   1.7506922751974472E-003   6.8835536950044617E-003   1.5761020171019175E-002   1.9580857920771626E-002   2.4806725978483928E-002   3.9095069685643136E-002   7.9532049545483194E-002   6.2115053299914444E-002  0.12913632523535068       0.16834626100530203       0.26501372326025102       0.37455423239008911       0.52105706235857208       0.73578745690675285        1.0458207089702638        1.3275351625813390        1.6950697895123228        2.0446460996521139        2.4004039279762881        2.7296779251944612        3.0471366355237155        3.2723130420918092        3.4240635453282366        3.6245210691341327        3.8204633534183454        4.0485980463620548        4.2189332241479329        4.3630658409760930        4.5500894327669590        4.6953661283232657        1.5168680434684003E-003   1.7441186142989917E-003   1.8186840493551477E-003   3.2489780287492387E-003   2.5756017871619926E-003   2.1959733641048872E-003   1.4923526239895293E-003   2.4706767728766713E-003   2.8044561772268988E-003   4.4936233902558055E-003   3.3831778736649930E-003   2.3760994353030757E-003   3.2964596670092797E-003   3.4872571200300893E-003   2.2116432812766631E-003   3.8004096793218139E-003   3.5167685998509579E-003   3.0099944576055856E-003   4.7004702625624700E-003   4.6947198795313522E-003   4.4575570505858810E-003   7.3890479568622181E-003   4.3130923251157730E-003   5.9151541194090119E-003   7.1061914933743852E-003   6.8934714110639936E-003   7.3205098789518993E-003   7.8562898713691962E-003   1.2735031887513609E-002   1.1573130405932082E-002   1.3241376272932884E-002   1.4232660633289401E-002   1.4290635677843173E-002   2.4295922049289317E-002   1.8824648990673567E-002   2.0620562180230069E-002   2.3521110047572253E-002   3.2921628901739150E-002   3.7024523936283249E-002   2.6790217888306309E-002   2.2957980364065152E-002   2.6120196193107355E-002   2.0828934941127107E-002   3.4518973044471865E-002   3.8460518528968972E-002   5.3622356237271067E-002   1.1061042656618428E-002   1.0389645685558059E-002   1.0378127360980344E-002   1.6253209870456590E-002   2.5543656434557960E-002
          28  -1.5489218654905305E-005  -6.5258806318030361E-004   5.5916403982270602E-004  -4.6199563697337518E-004  -1.4852997187207975E-004   3.9202439180023637E-003   1.5870801957395229E-004  -9.3424192057854757E-004   2.0140128282422312E-003   1.1977395876729317E-004   1.3009240760413184E-003   6.9965747509395323E-005  -3.4679368944603569E-003  -1.6590119718512225E-003   1.6732117578571845E-003   6.7806114230137080E-003   8.2138340478705840E-003   5.0072465004052319E-003   1.2391368666739502E-002   9.9329590606541691E-003   1.5405220694494943E-002   1.9303215213218563E-002   2.2742547139888880E-002   2.5608485971853105E-002   3.3210264786962637E-002   5.3252054019441976E-002   6.9931140304003075E-002  0.10143801727051382       0.11981573649912201       0.18016380716827002       0.25794625656855286       0.37281820049809566       0.48037716407056869       0.65331101236246325       0.89020345188253791        1.1765380265034397        1.4590922123928634        1.8162781959960539        2.1256890830867898        2.4690081620873552        2.7689299305526509        3.0686525394912025        3.2827651163743443        3.4385788401931960        3.6229918717240093        3.8272733427438070        4.0409421401263810        4.2143530711571566        4.3664454031771669        4.5478886764384248        4.6927905151592704        1.6505906267894402E-003   1.8521568892598999E-003   2.0587540398844103E-003   1.9907115506270700E-003   2.2637776071007558E-003   2.7880702038427787E-003   2.7157152510237700E-003   1.6031896813828281E-003   2.1193423182966791E-003   3.9897822741050207E-003   3.1984403489692648E-003   2.5978639974998967E-003   3.1506654941170723E-003   3.7656016801199017E-003   3.8657984664488489E-003   3.3883531975273141E-003   3.5476028959663753E-003   3.7933974548710146E-003   5.0446785482885633E-003   4.5927464822532035E-003   5.3232348966030640E-003   4.6219664429005504E-003   6.2419180127376945E-003   4.6494964198995990E-003   7.2068034154101424E-003   8.7530838285972915E-003   7.1624664980059378E-003   8.0598646439951210E-003   1.2960634692367322E-002   7.7834051378766140E-003   1.1038272971726420E-002   1.1287231196782210E-002   1.8563026824937916E-002   3.2425827109062264E-002   1.5756996441419084E-002   1.8392099838574583E-002   2.6219683608815551E-002   3.1576307905878162E-002   2.6768513333385684E-002   2.8674105214258991E-002   2.2487289895097497E-002   2.0802900210102220E-002   1.2296458311423208E-002   2.5512017358812512E-002   3.9039994306693929E-002   3.3894000926264538E-002   7.8483853560143389E-003   6.3812397033618231E-003   7.3167674717917845E-003   1.2281947137678545E-002   2.1409422924239641E-002
          29  -4.9966470932433986E-004  -8.2440904150276597E-004   2.4009678012021107E-003   1.7651711252680022E-003   6.7575402954227247E-004   7.7110683317523502E-003   5.3280937638619120E-003  -3.3394583964388268E-004   4.3087319045170009E-003   5.3856921716217915E-003   1.6515178684388904E-003   6.3112970928434276E-004   7.3493670151696293E-003   4.0437222832569852E-003   6.2567955028198646E-003   7.3181511384069319E-003   2.0004550232753614E-002   2.2454427505041917E-002   2.1481338633707894E-002   2.0675702272590458E-002   2.4049848695573028E-002   3.6386050920981718E-002   5.1939903402055919E-002   6.0507588719099975E-002   6.7242547242120809E-002  0.10148935581502272       0.13461908900969449       0.17037747421180996       0.20445239278213481       0.27437003049043868       0.39072064570455378       0.49121588210675748       0.65063484046164288       0.80501726926547923        1.0578052628024888        1.3210213034511111        1.5987776666490523        1.9334077811347405        2.2180835649094832        2.5351053448921523        2.8023226262837233        3.0874802054566577        3.2853461790041352        3.4424897439562354        3.6434425699258575        3.8424139011979923        4.0497397571796911        4.2086650092946831        4.3674210544919907        4.5532858749641276        4.6867915884699363        2.1137698876269031E-003   2.0657468460935375E-003   1.9693901105861597E-003   1.4936535784113066E-003   2.8137909424859739E-003   3.3453101798249295E-003   1.7012065065603460E-003   2.1009935923963067E-003   2.2928998881674299E-003   2.4620325414201998E-003   2.6486549102335520E-003   4.3322026502330560E-003   2.5045287141491810E-003   4.0032967430428173E-003   4.8183922812081621E-003   3.0682930327938047E-003   3.7507360277384627E-003   6.0173295954104094E-003   4.8679205618512612E-003   5.7851257352674124E-003   5.3775291810662347E-003   6.0485953077488623E-003   4.2453376412254990E-003   4.9138728347107984E-003   6.2590066140107096E-003   8.8629281244968321E-003   7.6075426092443383E-003   4.7677251509408792E-003   1.7047555000732975E-002   9.5592820368505318E-003   9.5737205321498719E-003   1.7291397950780600E-002   2.0050590914693359E-002   2.8951060263546460E-002   1.6578317282128482E-002   1.9437151766243249E-002   2.0936995229742909E-002   2.6512436596403788E-002   2.3100266550495421E-002   2.9000869430247843E-002   2.0954778418849053E-002   1.8595155450151973E-002   1.8013151554260830E-002   2.4868858624323059E-002   2.4087204068486433E-002   2.8064568544335464E-002   8.1843707741648918E-003   8.1360130565507408E-003   6.7549145545265175E-003   1.1504864277301092E-002   2.0015829274318598E-002
          30   4.3376014041447593E-003   7.4691158906364935E-003   8.4210206022374539E-003   7.2628552959019170E-003   1.5174794563521794E-002   1.0295377163358158E-002   1.4208892247768246E-002   8.7807428210493841E-003   1.5830925505908238E-002   1.2771478394213212E-002   1.6711226286248479E-002   1.6388399491491734E-002   2.5864656599953247E-002   2.4550557260768029E-002   2.9407969915444442E-002   3.3044869407454207E-002   4.8454790029820484E-002   5.2751433939450788E-002   5.4574507470180875E-002   6.4193895369538664E-002   7.0594409703254507E-002   9.2241838251045122E-002  0.10536193547834803       0.13299727541514159       0.15272676842250119       0.18379355862093791       0.22409836450480336       0.28359039203130293       0.34619199250379906       0.43942283029301338       0.55520876430962052       0.66563020335614209       0.85210135434991929        1.0104422065328700        1.2669578699118251        1.5225962401787905        1.7574121135436902        2.0699701180827166        2.3314567615357751        2.6228687069592427        2.8488793452697436        3.1022278395537808        3.3076540488809933        3.4436106671292941        3.6396888124012419        3.8636280876509148        4.0487293587873072        4.2183928634231425        4.3721823354759914        4.5567246475542911        4.7037357301631317        2.5944527790145409E-003   2.4406264937534908E-003   1.8214428703945686E-003   2.5144902531841996E-003   1.8998466679861115E-003   3.8962563115731942E-003   2.3762014960010524E-003   1.9003470693312572E-003   2.2673685320117342E-003   3.1226412095021064E-003   2.6666628128977103E-003   3.0737546329781839E-003   2.2088799772553313E-003   3.0077228248767468E-003   3.2016531981093606E-003   3.1372468479272169E-003   3.9416129648869895E-003   5.5587609018135156E-003   3.6800197444193583E-003   6.9287862485455437E-003   5.4067292981250410E-003   4.1914386805540103E-003   4.5059119667299934E-003   6.3399580523520365E-003   6.7813069138080717E-003   6.9127230939276512E-003   7.4827299180901252E-003   9.5763375464810972E-003   1.1817172084549826E-002   1.0043556765970421E-002   1.1713530839154978E-002   1.1412244506668940E-002   1.1950152374222249E-002   2.8764435035746178E-002   1.4375197637008959E-002   1.5731226551964635E-002   1.8810780769143255E-002   2.3176894205861456E-002   1.9009952249788891E-002   2.1467502571248999E-002   1.3024322950731401E-002   1.3860323560035406E-002   1.0010081441052018E-002   2.4949951307437535E-002   1.3960285222004851E-002   2.2048829640328754E-002   8.3235973873512763E-003   1.0565236466504126E-002   9.0679463660137370E-003   9.2238859701444919E-003   1.4624882128189170E-002
          31   3.3947325801179914E-002   3.7749891248010620E-002   4.0015559214228995E-002   4.4787945910345267E-002   4.7791625792092958E-002   5.1562856505364928E-002   5.2868442162257515E-002   5.5822400604638715E-002   5.7886350862687119E-002   6.7132874854888336E-002   7.3033474873187662E-002   7.6173308156357589E-002   8.0724747250375692E-002   9.3090912198382225E-002   9.5358643205096447E-002  0.10972641456534581       0.12726716416001357       0.13127859552639964       0.15195066501987320       0.16271743727342569       0.18590234213259296       0.21352339402495313       0.24078440818415675       0.26860822812354024       0.30775958213083593       0.36370559504856281       0.42050508125489205       0.48947824811374585       0.56055583495706562       0.67182688558617076       0.79479484084465457       0.93231839940545647        1.0990268098189082        1.2850921749021638        1.4948524687838216        1.7325083276031783        1.9622504750981455        2.2264950602711253        2.4299269975023412        2.7146832127761775        2.9218569373618286        3.1395437405938735        3.3364908764648988        3.4825847586870022        3.6758238718690146        3.8821218934380335        4.0685863596815857        4.2292301246782440        4.3856940943542151        4.5538776618587855        4.7112937858716757        1.5801624424391500E-003   2.3503396487655781E-003   2.8970271655697540E-003   1.5350639872134377E-003   2.1460011023378286E-003   1.6591671184904982E-003   1.9808254168314442E-003   2.5006671182420557E-003   2.2525337735552460E-003   2.8135624179681999E-003   2.7843605413650952E-003   3.1700693024788108E-003   2.8525736215860666E-003   3.2462930290670143E-003   3.4453472838232935E-003   3.9617259621765842E-003   3.7118517355546336E-003   4.0849831721681048E-003   3.6777343048251978E-003   3.6496693926303435E-003   4.7146812100550247E-003   5.4189025462414225E-003   5.7655542888264237E-003   4.5066791358765257E-003   7.3450797652548101E-003   8.7164064073750654E-003   6.3465918547299209E-003   1.1280613958815090E-002   9.0544352155764434E-003   1.3286606405598251E-002   8.3046301871678111E-003   1.2220121173271410E-002   1.4561926556797790E-002   1.8934965414238523E-002   1.3322271139495802E-002   1.5782502455369538E-002   1.4692396234580142E-002   1.5470641311901057E-002   1.5039519832106192E-002   2.6383533694712830E-002   1.4758616439923241E-002   1.3566152279729377E-002   9.5659118150514168E-003   1.2642255575919909E-002   1.5271055962071258E-002   1.2788261592347659E-002   1.1393914657373510E-002   9.1791008561660677E-003   1.1405933240482207E-002   1.0525423104621009E-002   1.2345433461763217E-002
          32  0.19263573709608892       0.19748007118357000       0.20404491609558376       0.20994948239142897       0.21824102502900292       0.22604845393811127       0.23913020894302894       0.24263474039150557       0.25952123029956775       0.27176058987526913       0.28099641434096728       0.28382756949093468       0.29992934288779222       0.31152698754386249       0.33137360936117355       0.33941533522723072       0.37025995932211642       0.38759812509103125       0.41485457072872206       0.43410816602343455       0.46795274600107706       0.50882417998229112       0.53767832303993268       0.57513301968051600       0.62929118045198751       0.68755854338916078       0.76685919930129554       0.83373847562306413       0.92038526192478265        1.0248280338995068        1.1555895657473221        1.2979645546614236        1.4435941101951535        1.6232406090165166        1.8184380449911568        2.0244985026778028        2.2417415412066335        2.4718369120892225        2.6419312645638713        2.8862711957641354        3.0677408986250021        3.2792411812793585        3.4631479085211767        3.6049230408966699        3.8020817344676314        3.9929513526365681        4.1677962182287942        4.3266082072618124        4.4722956897346258        4.6509220272466809        4.7972206113266047        2.5666920510810159E-003   1.9528448570747048E-003   4.1983068128224306E-003   2.9552259871742904E-003   3.6452463597571780E-003   2.7498345407823018E-003   2.3815768909072918E-003   3.5357578534961666E-003   2.7598644702576313E-003   3.4180125104582215E-003   3.2166122296674771E-003   3.6653016761103853E-003   4.6189549540680734E-003   4.3841178462106110E-003   5.1243840951344837E-003   5.4230060933230786E-003   3.9611172735967721E-003   4.7537518145901346E-003   4.3208670800715769E-003   4.2408314274594849E-003   7.6148661021911371E-003   7.8203918447639163E-003   6.6777471141302846E-003   6.8704037954157304E-003   8.1091167654876693E-003   5.3895535024284652E-003   8.1142622015155843E-003   1.8503678326375367E-002   1.0903786704693172E-002   9.3109252773074160E-003   8.8120852586324686E-003   1.6064387074730600E-002   1.2487032976644590E-002   1.1572509386216812E-002   1.2523848705806037E-002   1.4236050487266724E-002   1.4212482955776980E-002   1.7003391280468315E-002   1.3161182244545142E-002   2.1796762505528134E-002   2.1032648172436309E-002   1.2800226866195204E-002   1.3098464979036169E-002   2.0329755854549075E-002   1.6400877080189398E-002   1.6680062025603407E-002   1.6803134742991555E-002   1.4087003713443453E-002   9.4309092499081995E-003   1.7249501037596236E-002   1.3228638994941935E-002
