   0.0000000000000000       0.53815029822204752        3.0895056554202400E-003
 -0.29999999999999999       0.57890805917279675        2.9778156836750744E-003
 -0.59999999999999998       0.61899400309572550        3.0327398087926023E-003
 -0.90000000000000002       0.67878586976946420        2.2210359304988578E-003
  -1.2000000000000000       0.74528356853213351        3.7653026879899444E-003
  -1.5000000000000000       0.83448251581752719        3.2169407180568836E-003
  -1.8000000000000000       0.94644025280706834        3.8203176133418879E-003
  -2.1000000000000001        1.0818506446200193        5.9933705748925524E-003
  -2.3999999999999999        1.2237785703908730        4.3624439433818272E-003
  -2.7000000000000002        1.3826199235414842        5.5742484198985183E-003
  -3.0000000000000000        1.5362575911370333        3.6463371089942242E-003
