   0.0000000000000000       0.13662884949240414        7.7204093580961024E-004
 -0.29999999999999999       0.15280245497894301        1.0175075125556489E-003
 -0.59999999999999998       0.17378417433748314        6.2520914236657767E-004
 -0.90000000000000002       0.19778874565836946        1.0463463451565545E-003
  -1.2000000000000000       0.23609304893456434        1.1882834962458008E-003
  -1.5000000000000000       0.28940989708834536        1.6906168534026908E-003
  -1.8000000000000000       0.36156870204519459        3.5375257227785758E-003
  -2.1000000000000001       0.47584331863741058        5.9653387008475603E-003
  -2.3999999999999999       0.64273238185266657        1.4091860748428706E-002
  -2.7000000000000002       0.91743129672591939        2.2403113422384335E-002
  -3.0000000000000000        1.1648987524862362        3.2437772445592677E-002
