  -0.0000000000000000       0.38256025420894879        1.4298418819728336E-003
 -0.29999999999999999       0.35691944739855486        1.6257524053240944E-003
 -0.59999999999999998       0.31914353520071598        1.7127616223921865E-003
 -0.90000000000000002       0.26669419318475435        1.9745711789603544E-003
  -1.2000000000000000       0.18861529828534532        1.9414483473489609E-003
  -1.5000000000000000        7.7596074581960855E-002   1.8380221884606183E-003
  -1.8000000000000000       -8.7271662369546962E-002   2.1007921120566979E-003
  -2.1000000000000001      -0.33288038576494466        2.7942680249719810E-003
  -2.3999999999999999      -0.67476667671567747        3.6543666484669612E-003
  -2.7000000000000002       -1.1115010151305971        6.6827463547020384E-003
  -3.0000000000000000       -1.6051008216653040        6.4473149288817571E-003
