   0.0000000000000000       0.53857036043800599        2.6953214187067725E-003
 -0.29999999999999999       0.57715510513199675        2.5316950042419493E-003
 -0.59999999999999998       0.62607119118541943        2.4404473150472627E-003
 -0.90000000000000002       0.67914183320025900        3.1876444235631194E-003
  -1.2000000000000000       0.74820165869596977        3.8109712554579597E-003
  -1.5000000000000000       0.83443492293939459        3.8035523432807714E-003
  -1.8000000000000000       0.94818283407227166        3.4711843445953106E-003
  -2.1000000000000001        1.0804995166041020        3.0175878347789942E-003
  -2.3999999999999999        1.2344509267773414        4.0776165934212714E-003
  -2.7000000000000002        1.3913756676791322        4.4674788734244001E-003
  -3.0000000000000000        1.5511319140911652        3.7329916368589243E-003
