3.0 1.68242766987212 0.286136334893451
2.84 1.70547697366417 0.341093085506998
2.68 1.7291727635798 0.28085061821479
2.52 1.75347848003735 0.298632065581306
2.36 1.77845165743205 0.303465479908998
2.2 1.80418525352407 0.270221211770794
2.04 1.83063175910166 0.302311778504935
1.88 1.85780974366766 0.344963097858315
1.72 1.88584451029622 0.310314181632549
1.56 1.91464491744896 0.39343142018268
1.4 1.94444571839553 0.280450433305323
1.24 1.97509855962086 0.350156272584758
1.08 2.0066889004705 0.371054208731875
0.92 2.03924995132467 0.360186181947058
0.76 2.07295198298293 0.386268835438454
0.6 2.10771419462255 0.340887528486508
0.44 2.14373926694745 0.353585667848623
0.28 2.18087255952279 0.365804786102593
0.12 2.21936887594321 0.375337146514231
-0.04 2.25912093122413 0.420242211036618
-0.2 2.30047822322573 0.332873031937667
-0.36 2.343168952389 0.432801619021293
-0.52 2.38743382580712 0.493488828928987
-0.68 2.43336238987233 0.423748187177349
-0.84 2.48107136377671 0.417092770457356
-1.0 2.53062820132538 0.453860229845228
-1.16 2.58226009881614 0.447695992691552
-1.32 2.635974119446 0.447851002745129
-1.48 2.6918764486168 0.512571780770952
-1.64 2.7500860367843 0.525492998342152
-1.8 3.0537952924361 0.0580373760045234
-1.96 3.14429119463956 0.0153026411241452
-2.12 3.76198587839539 0.0221097770435513
-2.28 4.5406515614313 0.0233978508519993
-2.44 5.50015029311331 0.0202019010801168
-2.6 6.70721330013954 0.0371058357198709
-2.76 9.11847950820417 0.0540006406309146
-2.92 11.9833048400958 0.0915268292719104
-3.08 15.1443352428891 0.10591255864312
-3.24 19.3409886468133 0.182346507291514
-3.4 26.8854178433499 0.324853413305041
-3.56 37.7996933894449 0.743075015382151
-3.72 49.3694407396407 1.88219281509289
-3.88 74.3382404847464 5.28704804345834
-4.04 40.3377062837448 1.33264583378865
-4.2 68.1562373640423 11.3205266970283
-4.36 30.7758315861053 4.17597842377748
-4.52 25.2951863382789 3.33129558237392
-4.68 -0.115367768306188 3.33129558237392
-4.84 -0.115367768306188 3.33129558237392
-5.0 -0.115367768306188 3.33129558237392
