   0.0000000000000000       0.38512883395624153        6.0365558904729448E-004
 -0.25000000000000000       0.36247780623386144        2.6547618049044231E-004
 -0.50000000000000000       0.33358422404293736        2.6241622163109809E-004
 -0.75000000000000000       0.29569770310896082        2.6372652981602866E-004
  -1.0000000000000000       0.24309045634643761        2.8921844801565929E-004
  -1.2500000000000000       0.17282009993137823        2.8537221905010162E-004
  -1.5000000000000000        7.7297241542474249E-002   3.5536376773954303E-004
  -1.7500000000000000       -5.5239578096260275E-002   3.8107384852376980E-004
  -2.0000000000000000      -0.23600539028291859        4.7198569351351356E-004
  -2.2500000000000000      -0.47415719809742501        3.8302549477356045E-004
  -2.5000000000000000      -0.77480118690606647        6.4202788657709016E-004
  -2.7500000000000000       -1.1328081462484716        8.8376968630073387E-004
  -3.0000000000000000       -1.5368589725205548        2.0007335563252916E-003
  -3.2500000000000000       -1.9811493268252740        2.9209119399145824E-003
  -3.5000000000000000       -2.4514931108787139        2.8649892316695391E-003
  -3.7500000000000000       -2.9415473236291447        2.6517214693651428E-003
  -4.0000000000000000       -3.4482198522292533        2.8024901650856573E-003
  -4.2500000000000000       -3.9750685452011791        1.2759212679390140E-003
  -4.5000000000000000       -4.5302307277705163        5.8430289998408929E-004
  -4.7500000000000000       -5.1072845059959882        2.6191510847500764E-003
  -5.0000000000000000       -5.7202913361973691        3.4957494328370937E-003
