           0  0.43122174661388912       0.49084206839146582       0.56962179901778698       0.65479152256800599       0.76679742125250916       0.94353571156978400        1.1440600377238574        1.4279111539690099        1.7879619832064670        2.1484684387816348        2.5471705598124856        3.0429204084287051E-003   3.9285450286670057E-003   3.6885603626804755E-003   5.1749131784489567E-003   4.9017085803066086E-003   5.4610366769774375E-003   8.8534776475492124E-003   1.0956752735765815E-002   1.3631644658888609E-002   1.0953127456777716E-002   1.0107013814420569E-002
           1  0.16222344929608593       0.19854619715729380       0.25781441882463529       0.32754001024300011       0.42091076170489694       0.57663067651650191       0.79459590951163328        1.0783539061408218        1.4606716895863174        1.8761310114559280        2.3199937460716016        3.5023771057920744E-003   3.1531682038384683E-003   3.8831907921543559E-003   5.9286452860758026E-003   4.3925529431997927E-003   5.7118581620215578E-003   8.0002391953954890E-003   1.0904271442325040E-002   1.4648776368753934E-002   1.2969531298928983E-002   1.3770391854956049E-002
           2   6.1773155442882907E-002   7.9127968211572558E-002  0.11588268343318446       0.16545288126420943       0.23706090194977447       0.36108927233940408       0.54995615975852974       0.82214015450936506        1.2192523156122390        1.6668170986933142        2.1453633917566735        3.2252540657594091E-003   3.3493247086427056E-003   3.9973832714046403E-003   4.6491422070597151E-003   6.2874891068463046E-003   8.8661431567894546E-003   6.6320602026739943E-003   1.0915366468978676E-002   1.9842516521276023E-002   1.8574335227781971E-002   2.6166624506374078E-002
           3   2.1483511281825424E-002   2.7036282663979217E-002   5.3477766788681463E-002   8.2817446920424503E-002  0.13517116709669943       0.22056783773931518       0.38206121779473129       0.62073426125296594        1.0255582716206451        1.4759043383030219        1.9751585265039149        4.9565862935115872E-003   3.1675396859877341E-003   4.5071430934091987E-003   3.2967433789119773E-003   5.7589359646770203E-003   8.6531486763245305E-003   7.8396542662372368E-003   1.4974287870165354E-002   2.2015632698361442E-002   2.4957965809836204E-002   3.8806058251744678E-002
           4   8.2470459846020281E-003   1.1204541785505418E-002   2.1976317410884960E-002   3.6236217764123488E-002   7.5603485902199591E-002  0.14174555724134635       0.27502582528283542       0.47062995956264841       0.83813377931491240        1.3244921538406753        1.8424063518833742        4.0992772337968232E-003   3.6430775925866661E-003   3.4601574914216609E-003   4.4353761714077226E-003   5.6480919580373778E-003   5.4323789007768427E-003   6.8290656588304533E-003   1.4498872831499322E-002   2.6187005080888892E-002   2.9294969101710904E-002   4.7875398164192944E-002
           5   2.8764543703996542E-003   5.7541740371748196E-003   1.2691070272293494E-002   1.3172051765581706E-002   4.5528442820195011E-002   9.1066318388052667E-002  0.19159220667922741       0.35813537054682781       0.68710579484310297        1.1742420515877332        1.7234317302286606        2.9742411516626554E-003   3.4174946807679204E-003   3.0171041473132996E-003   4.0064913289175330E-003   5.7883472623312089E-003   6.5993252664356492E-003   8.7947561225633127E-003   1.6579120568311848E-002   2.7732134690569760E-002   3.5521974374536469E-002   5.7044790156484428E-002
           6   1.5967222483028001E-003   3.2384989691046921E-003   7.9352821661682216E-003   7.0429296717697222E-003   1.6193353113768839E-002   6.4165693490574605E-002  0.13153153140549215       0.27862464877388421       0.55184741722356789        1.0506071792335048        1.6224622155618966        3.0623500362196875E-003   4.6838773593026592E-003   3.3825461894853954E-003   4.9954534166524100E-003   4.5493393098040083E-003   5.6899659023916267E-003   8.9661167901324782E-003   1.9635709771050273E-002   2.2042773723567936E-002   4.1344507255412707E-002   6.7071822688258106E-002
           7   1.1010768162627753E-003   4.7983273144974756E-003  -1.4100010032947912E-003   3.9688894311802362E-003   7.6161148569716397E-003   4.0472957779202824E-002   9.3567403044172034E-002  0.21014896810936248       0.44783639105015788       0.94163760731630464        1.5272017764494648        3.8581322940806442E-003   4.3352340643684319E-003   3.3017103073583053E-003   5.1470386757032230E-003   4.6671813145374823E-003   8.7950679050516015E-003   1.0953125968303586E-002   1.8405746192513468E-002   2.1795391214469571E-002   5.0967633442523620E-002   7.4727367390699101E-002
           8  -1.4151217469616480E-003   2.8735388072909434E-003   4.3722626569800291E-004  -3.6044068531888474E-003  -6.8247703498056063E-003   2.7456288760406056E-002   5.9430934919027782E-002  0.15991120607185055       0.35245249736921291       0.84303651115875056        1.4475694192117021        2.9657107431657814E-003   5.0209001333292157E-003   6.5897914435355037E-003   5.6999566774155403E-003   4.0864731461382996E-003   6.5870430998197583E-003   1.3919553192238589E-002   1.9097499748268170E-002   2.5414619926321234E-002   5.7646017438503915E-002   8.2045747602409069E-002
           9   4.1621377564372251E-003  -2.4339896203773967E-003   1.7847988848029976E-003   6.1950991480847319E-003  -1.3745978610233595E-002   1.0896889658280855E-002   4.2126446146355155E-002  0.12329654344555906       0.28963451208418284       0.75242124720707015        1.3526561025401331        3.2021604678721134E-003   4.1650512278541326E-003   3.3045210919838983E-003   4.5565596606462486E-003   5.0367015989813196E-003   7.8947822921767771E-003   1.0306811132228739E-002   2.0269974107575417E-002   2.5890300945957616E-002   6.5757293106211603E-002   8.7487709502628797E-002
          10   2.6851798658938321E-003  -7.2572807397738024E-004   4.3681623538369043E-003   5.9237007134608239E-003  -7.9254762891473370E-003   4.3781987892044065E-003   3.4718652280817122E-002   9.8980434368223277E-002  0.23224634779912928       0.67360346198565879        1.2638350335620183        2.7073304099963702E-003   2.9287832122728628E-003   2.8510696281876641E-003   3.9046696301019593E-003   4.4035681631665836E-003   8.7034862770289535E-003   9.8698226181834093E-003   1.9493486400261818E-002   3.2132206301290940E-002   6.7458919174064866E-002   8.9548949549785137E-002
          11  -1.3979058261505146E-003   6.9798801317773364E-005   1.3899179637436416E-003   2.7438455871693773E-003  -1.2488889272898655E-002   8.4920796179828310E-004   2.4694821702218220E-002   7.3772083694773491E-002  0.18917212801671698       0.58722119183985977        1.1839623074926682        2.9593160554816458E-003   2.6360600434611249E-003   4.2809540545402803E-003   5.3696877435102383E-003   4.2103060209171339E-003   9.1462709805563702E-003   1.5446417969969959E-002   1.8629519309219356E-002   2.7043899275724547E-002   7.1299175205262758E-002   9.0852084412371567E-002
          12  -2.7884307447989631E-003   4.3386604800822124E-004  -2.0672159044019100E-003  -7.5014798975762574E-004  -7.0665224406332352E-003  -9.1294617493529930E-003   1.7267960901956536E-002   6.2685114611685966E-002  0.16109065244276582       0.51490690161663866        1.0992238378634485        3.3501044688873352E-003   3.3246310782978068E-003   3.1340687160195213E-003   5.2304054688390011E-003   5.7562521387227589E-003   8.7501011655830140E-003   1.2355884450489298E-002   1.6748181708432161E-002   2.7441172589243640E-002   6.7197295466887311E-002   9.1539708350479199E-002
          13   2.7452709124350535E-003   2.3177286426158176E-003   1.7039161746933713E-003  -1.4705524001992116E-003  -5.6816602942026213E-003  -3.0151431047393171E-003   6.3712591839757771E-003   5.0117807936964978E-002  0.11830572030606813       0.46328708613338165        1.0200158758600752        2.5372191730344260E-003   3.3917091814704282E-003   3.7363156878675724E-003   4.9998888187116376E-003   4.3493465685959529E-003   6.7402098777805362E-003   1.2612135377770221E-002   1.7107313938277052E-002   2.5999079650234156E-002   6.7996078743975119E-002   9.8258412866828709E-002
          14  -1.7942994673934602E-003   1.1161566297714092E-003  -4.9173162376481435E-004  -2.6982147773927647E-003  -8.3209044616116782E-003  -8.6390601034645829E-003   1.0442137726566013E-002   5.6700905577197737E-002  0.10539811569183449       0.41558663840185578       0.94392028161349339        2.8418963643325715E-003   3.8204120203537990E-003   4.2000697310415457E-003   5.1886817275395682E-003   4.2155982614594687E-003   8.4216937573030580E-003   1.1142093943104987E-002   1.7819113957123996E-002   2.3938797980165651E-002   6.5583251174306398E-002  0.10373975477680432     
          15  -8.5768143591374738E-004  -7.1616138912851054E-004  -1.8426351591347854E-003  -3.4466380108105726E-003  -9.4776369064153657E-003   2.2048193462165912E-003  -3.6038278702091105E-003   4.7029873930696228E-002   9.1196294235830838E-002  0.36867793170122221       0.86089810932794153        3.9433959256529967E-003   3.1401914887351362E-003   3.9248587559726810E-003   4.3681730690078840E-003   5.1273942442674877E-003   7.8454824501061546E-003   9.6305352360148352E-003   1.6991701729217660E-002   2.3674030697142714E-002   6.5643893897059921E-002  0.10531470990062709     
          16   3.6649340409634031E-003  -8.2098145491306949E-004  -6.9911043674459510E-003  -3.2601431422939141E-003  -2.1018360897031730E-003  -4.8569167195075351E-004  -6.8779673321030608E-003   3.5659657034915394E-002   9.0092733386020002E-002  0.31883722636794426       0.80127457626037624        3.8142822596324731E-003   2.8301166666437469E-003   5.6042790161217656E-003   4.5692422926892941E-003   5.9566728676581308E-003   5.6501491593543953E-003   1.0598029768752631E-002   1.6451425109255399E-002   2.1948137236333359E-002   6.3095297810578058E-002  0.12292129563719680     
          17   6.3898115863092746E-004   5.2595894544867398E-004  -6.5791909597952619E-003  -2.9634513688341227E-003  -5.0577623381029453E-003  -2.3712356451037818E-003  -1.3494145401004042E-002   2.3810291697876261E-002   6.7074244558022092E-002  0.28517406823361952       0.74889466167431817        3.2528595929530498E-003   2.9476770192929489E-003   3.8824814237847609E-003   4.4086257532093788E-003   5.8775125068310733E-003   6.2039170204736876E-003   8.6179610673535120E-003   1.7295586253894282E-002   2.0879026553319718E-002   6.6149401061640675E-002  0.12786012783869916     
          18  -4.5867732558293924E-004  -5.7625684813619803E-004  -2.0513674420863477E-003  -1.2596016836561518E-003  -4.5529759660999846E-003  -7.1239095419283888E-003  -1.3504423999875288E-002   2.1162467898695910E-002   5.5297250528304302E-002  0.25416000513524895       0.68896151390992422        3.1857150807874969E-003   2.9433293452301433E-003   4.6133032510051446E-003   5.3186797011008863E-003   5.8432205166742178E-003   8.2088174040906223E-003   7.1215242218627536E-003   1.8186248677387690E-002   2.0045628299114111E-002   6.8366776623844550E-002  0.13340004855327423     
          19   3.5389928367255557E-004  -7.6299743071576494E-003   2.0015595941226785E-003  -6.3403538710986845E-003  -6.5826577101357883E-003  -4.1286265589363389E-003   1.1026980157786007E-003   2.1489309306031389E-002   4.5300780418347918E-002  0.20369827679338481       0.65219230543163709        3.1513434574772662E-003   3.6063494818795771E-003   4.7074532702045023E-003   4.5944761296827499E-003   3.7202839800153115E-003   8.9726848163479891E-003   1.0938891471432545E-002   2.1386899139509891E-002   1.9751510892347432E-002   7.5825451555369211E-002  0.14075527395868478     
          20  -5.5574210953229807E-004   1.7265209723121054E-003  -1.3868727501723101E-003  -2.5925675846913271E-003   2.4685655723889850E-003  -6.1376138358098381E-003   3.4813669152775968E-003   2.0483860572836542E-002   3.7582154862815020E-002  0.18372382561788331       0.62538669177625761        2.6430506657800991E-003   2.3184723044135610E-003   4.6423477546732811E-003   3.7427044358335285E-003   5.6001652801726661E-003   9.6518782098659987E-003   7.8612440520621895E-003   1.7490988777057809E-002   1.9848178233378415E-002   7.6114499809089367E-002  0.14201522129065985     
          21  -3.1118228770944073E-003   1.1400151273208642E-003   2.8158060107509575E-003  -1.8255904158304638E-003   4.4283582985850658E-003  -2.2257375552125260E-004   5.5943387688146100E-003   1.5196438377208030E-002   3.0245607025068826E-002  0.16405875879901496       0.60837444499036863        4.6531319648357265E-003   5.0277166567936826E-003   4.8338535728544799E-003   4.1606483281249199E-003   6.2802600651531834E-003   9.8548001925590784E-003   7.9806076148937269E-003   1.2774648281199598E-002   2.2256968946826650E-002   7.2144685826849894E-002  0.14212893293665885     
          22  -1.6030292154160144E-003   6.0255419584010093E-003   5.6543443897018909E-003  -2.3210169713807897E-004   4.1666664540496740E-003   2.0468906891296292E-003   2.6792457684725770E-003   7.0222827040038035E-003   1.3502164653329086E-002  0.14895010565345707       0.58993217809244891        2.9326845026166411E-003   3.0015093392349204E-003   3.7734610547085360E-003   5.0330760045601084E-003   6.0768833728941565E-003   8.3884024289127210E-003   7.4539456141487579E-003   1.5534332087344477E-002   2.3004170424572631E-002   6.7883380738611332E-002  0.14579024436405799     
          23  -1.2082875006570828E-003   2.8214437395356344E-004   5.2105729507734211E-003  -1.8566688999846713E-003  -1.0458209638281938E-004  -5.5440730753670000E-003   3.4015042794031448E-003   1.1564034901016963E-002  -6.3714642116855045E-003  0.15895869333563553       0.58084694226525835        2.7973132593096281E-003   3.4334893852372437E-003   3.4982366498771560E-003   5.7607375575402563E-003   4.6758404794784289E-003   8.7098771054769236E-003   1.0833910032360988E-002   1.6563796294492811E-002   2.1520032917241100E-002   6.5565030316661901E-002  0.14696112555472679     
          24   3.9388175791516596E-003   5.9103451944376700E-003   9.6639666189119410E-004  -3.8272899580743054E-003   1.7414779999404874E-003  -9.8727785098150700E-004   7.0845682927000858E-003   1.5326083192234446E-002  -1.0628921520885952E-002  0.16283266306545491       0.56033255864673803        2.9434454957807379E-003   3.9375671326325858E-003   3.3431181266203413E-003   5.5057136409780829E-003   6.9206741578270413E-003   7.3230240151420404E-003   1.0325663162139545E-002   1.5423009577749719E-002   2.2765820064272753E-002   6.4263227995698280E-002  0.15195112960378640     
          25   6.4421245149143599E-003  -4.5261443633174125E-004  -5.6617978683590250E-003   2.3944401769892972E-003   2.2535585547626704E-003  -3.7805269778709138E-003   6.4713890078022191E-003   1.8268106814182491E-002  -2.6855411089778583E-002  0.17035008205071042       0.55710455518722135        2.9164321880637513E-003   3.1798242860828440E-003   3.6745875036158252E-003   3.1817686290429026E-003   7.5006070415229156E-003   9.8455745949928199E-003   8.8223581695745373E-003   1.5204384522322345E-002   2.3646157550501097E-002   6.0620529816962115E-002  0.15231443484098242     
          26   5.6911342094732257E-003  -1.6281413192314865E-004   1.5034497137977533E-003   9.9887200810739739E-004  -9.9672562126074658E-004  -2.5108373069740527E-003   6.1453684624088898E-003   2.5848632754024898E-002  -3.5365122139665583E-002  0.17206012421641873       0.54610836087147052        2.6233847730071525E-003   2.3219680455610673E-003   4.9777104181859249E-003   4.6708890818861794E-003   5.9927407040000309E-003   6.1235137360369811E-003   8.9720848023024866E-003   1.6107813502424895E-002   2.3759885589855471E-002   5.8271525411888445E-002  0.15408390667599389     
          27  -1.5657679708617931E-003   2.5862921700688086E-004  -5.6111421603044749E-003   2.3880276004028377E-003  -9.0948898138815430E-004   4.0894536650702036E-003   3.8049144114244405E-003   2.1614169695622062E-002  -3.2930308609532215E-002  0.16584869897867774       0.52186559805468591        3.5810778777511871E-003   3.6982798282634592E-003   3.9253458122045495E-003   4.9562203403316499E-003   5.8434039579412858E-003   6.2640532397780623E-003   1.3704374796536087E-002   1.5706742943569014E-002   2.4369885730875257E-002   5.7284657303655923E-002  0.15339874773339218     
          28   1.3089865933293913E-003   4.8598076217766745E-004  -5.6148346501732668E-003   3.0399181951794291E-004  -3.9294884323784899E-003   9.0766488059343085E-003   8.9794985585181526E-003   2.8382540865702920E-002  -2.2412234205444529E-002  0.16024061453622285       0.49226027535080080        3.7008308128872089E-003   3.6550221431532388E-003   3.1292063802948254E-003   4.9752143430154489E-003   5.4541466088798172E-003   6.0004371974413740E-003   1.0572338375541963E-002   1.4270402194268762E-002   2.5336784038643655E-002   5.6974146048685281E-002  0.15680180401330399     
          29   2.3981309052161438E-003  -3.9701020188851232E-003   1.8903791784234190E-003  -9.7899807294619273E-004  -5.5574738680009119E-003   1.3340181030731181E-002   1.2658541516656100E-002   1.9283410946630258E-002  -1.6754998714466729E-002  0.15783242365830999       0.47301564344002733        2.0384285210148481E-003   4.0353183193870519E-003   2.9748200787806846E-003   4.0607895817980884E-003   5.2957102217287989E-003   6.9973866891584182E-003   1.0474671025907862E-002   1.5486726810923387E-002   2.4007967766439074E-002   5.8430080530465410E-002  0.16120253739583279     
          30  -1.8043518731070135E-004  -4.4492897399943816E-004  -5.9870895886647109E-005   3.4598204541624955E-003  -6.8782548973768945E-003   6.9688965094673221E-003   1.5040942441924166E-002   2.4618440993452419E-002  -1.6771146647789083E-002  0.13988927126273784       0.45726215668117109        3.5176769880903400E-003   3.5153279919331484E-003   4.3414899324974035E-003   4.2956911239145712E-003   4.8185051221003236E-003   7.8177577631030198E-003   9.5150835568692874E-003   1.5012204108321223E-002   2.7141623126554684E-002   5.6412440132376028E-002  0.16317371107182635     
          31   8.2546064134148174E-004  -9.4034864994389583E-004  -5.3450974109727255E-003   7.7513358210054865E-004  -3.2849537785392372E-003   4.7278042362530557E-003   1.4236513681830291E-002   2.4047911213570194E-002  -5.6527327964642207E-003  0.12370316122196653       0.43616082856467292        2.8906394027424604E-003   3.9122283486096058E-003   3.4376480954081421E-003   5.6245142769709832E-003   5.9429737797736058E-003   6.2208061622862632E-003   1.0948062621612220E-002   1.5435936317877813E-002   3.0559627174015787E-002   5.2581818098023821E-002  0.16598715974672670     
          32   1.0587526258622867E-003  -3.2264134085526950E-004  -4.6819587922314948E-003   3.6394749407898746E-004   3.2351554949201300E-003   8.0507870133601257E-003   7.6525467735634196E-003   1.8319812381297828E-002  -2.1864420074981978E-002  0.13062443070763960       0.42394786023803338        3.6459642621000806E-003   2.8617686794294361E-003   3.6692171750530990E-003   3.9970888153709905E-003   5.2140838279641560E-003   6.4371164790869078E-003   1.2227799201671446E-002   1.2518439112975377E-002   3.1856289002000909E-002   5.0886019660764205E-002  0.16729249633220308     
          33   1.2482917074648360E-003   1.7348867372482745E-003  -3.0914342703109959E-003  -5.0494890710680944E-004   4.8408822626348135E-003  -1.6813670092544703E-003   6.0161871145933575E-003   1.2908373225215156E-002  -2.7358250755589137E-002  0.12354945493812229       0.41891154291906813        3.9209408713834805E-003   2.9179917034199664E-003   4.7955238951468433E-003   4.6565120431584913E-003   5.4219855093807154E-003   8.5888082423962488E-003   1.1560472383573838E-002   1.0837200590201653E-002   3.5130592763207097E-002   4.7449393702053096E-002  0.16684622546759773     
          34   3.8671447465063371E-003   5.4416388840108675E-003   9.0904246423604109E-004   4.1537410830533019E-003  -8.6876605848701018E-003  -6.4705570866472797E-003   9.7276534402117101E-003   1.6515951421835921E-002  -1.7824375367111685E-002  0.12451031552416390       0.42223127150498246        3.0317921656404681E-003   3.5376748210137394E-003   4.2834583510120445E-003   5.4539832311976486E-003   6.0585627694683215E-003   7.2131346706432401E-003   1.1882294355908981E-002   1.3061936289943654E-002   3.5900702188263460E-002   4.7671221322297889E-002  0.16696302066255872     
          35  -2.1858452879626361E-004   4.1092089362699431E-003  -2.7381615894636270E-003   7.6011641398393461E-004  -1.7890709331533695E-003  -1.4785504864889578E-003   2.1699503246162336E-003   1.6888862858745271E-003  -1.3381781270433010E-002  0.12739268426820399       0.42060654648955570        3.6027533107618639E-003   2.2287844543473641E-003   4.4241464278904040E-003   6.3338007059487202E-003   6.4517035282644266E-003   1.0186441457065100E-002   1.3375249252330199E-002   1.4072456714600202E-002   3.8050225759235515E-002   4.9868246009735120E-002  0.16678282001932840     
          36  -3.9062440400640451E-003   2.1676337191959033E-003   5.7805759015480433E-003   1.7627092589298349E-003  -2.5629029527857004E-004   7.2411431896925193E-004  -5.0947589679173804E-003  -4.1681394309984908E-003  -5.4072904523220673E-003  0.13629624069135057       0.42811473686235746        2.2672946256646915E-003   3.5140744291403459E-003   4.7250238872969148E-003   4.2496653616243022E-003   6.4140220608715978E-003   1.0218044878289111E-002   1.4619124340620212E-002   1.4165189189196889E-002   3.9361557471993693E-002   4.5530693393079455E-002  0.16440816313067858     
          37   1.5963776142104279E-003  -3.5303602809110307E-003   5.0293812323178736E-003   7.0155763525129959E-004   7.0684456779595238E-004   3.9571334219598315E-003  -5.6190697022958681E-003  -2.8718822715940429E-003   4.4737126092719241E-003  0.14785683889585602       0.44857311988663062        2.1660604779489634E-003   3.7185618736439007E-003   4.9543397652272447E-003   3.6771163598151827E-003   6.4626211444856882E-003   1.2895358953041759E-002   1.8089170119020215E-002   1.7328903991392867E-002   4.2732012279714841E-002   5.0594537040739219E-002  0.16164671188227023     
          38  -2.3132820062783379E-003  -1.0391159366594739E-002   4.8727636611065198E-003  -4.3921947822388461E-003  -7.6378848043582416E-003   2.9214202919762349E-003  -1.6547524224637649E-004   1.0198267029638294E-003   1.3603184504566240E-002  0.15887079580487035       0.45154841506276078        2.7157189617901156E-003   4.4534344286248709E-003   4.7691402047876042E-003   3.7397477176116948E-003   5.4472969659627880E-003   1.1036343634297128E-002   1.1529097579479184E-002   1.8226860137641753E-002   4.2414078947106214E-002   5.3352782371048894E-002  0.15409863285823899     
          39  -3.4995411810868054E-003  -7.4045125081880188E-003   3.2891915221454973E-003   3.1155688262746563E-003  -3.2093151671099273E-004  -4.5212510800237554E-003  -1.9915945332672877E-003   1.2394003401763360E-003   1.8337342261804456E-002  0.17236535422055171       0.49308369207121250        2.6933345905266154E-003   4.6037505303993366E-003   5.4584296586182241E-003   3.8124420049782349E-003   4.9848409404021059E-003   1.0701156967563878E-002   1.1673160814036640E-002   1.5480150895725941E-002   4.1303103008741404E-002   4.5914801813927909E-002  0.14784626308414389     
          40   6.6353571237093474E-004  -4.3820122103132306E-003  -3.5809315069026845E-004  -2.6431806617740112E-003   5.5497136985993576E-003  -1.0127751600998635E-002   3.1309420038638710E-004   3.0216275028371324E-003   3.5922071244731013E-002  0.19574143286211845       0.53182785328361015        4.6985223769168980E-003   3.5374274872563031E-003   3.6561066253840008E-003   4.6164319781404530E-003   5.7797301132529030E-003   1.1234711514050177E-002   1.0502837974797360E-002   2.0193642651401320E-002   3.8150385081018527E-002   4.4435699671888901E-002  0.14206617468747745     
          41   4.8643013133859601E-003  -2.5377167788190086E-003  -2.9898259258781751E-003  -2.8739480862430842E-003   4.8433291787863134E-003  -1.0367991312455600E-002   4.9110161903259458E-004   8.6759868924597208E-003   5.2252652288245972E-002  0.20123813197318224       0.57487544799299739        2.9834960473174932E-003   4.8005772707553152E-003   4.8143084649157845E-003   4.6929923369438886E-003   7.6714832066481324E-003   1.1084418848839862E-002   8.0846653080390903E-003   1.9645584749389742E-002   3.9114931443649553E-002   4.3239314730187793E-002  0.13702952606425495     
          42   5.3096461359144380E-003  -4.9471385945794536E-003   3.4109761337001421E-003  -1.0997701109606866E-002   6.8282466073660590E-003  -1.5824452492656552E-003  -3.5193688614270379E-003   7.9164027278549268E-003   5.0458995177821299E-002  0.23057339654886452       0.62631498070060543        3.5718573688428147E-003   2.9814823595126641E-003   4.3855910754386496E-003   4.8515659875887438E-003   3.6309158833441289E-003   7.7487166728819282E-003   1.0861309677662547E-002   1.6932944385442281E-002   3.9255546573056341E-002   4.1964078188360288E-002  0.13285097690838743     
          43   5.5595134281951090E-004  -2.1532462604512640E-003  -1.7884864221651690E-005  -3.9287994127432538E-003   2.8558970113422666E-003   2.7429382935798908E-003  -3.3593099027268299E-004   8.9951540678641535E-003   4.9551555407668861E-002  0.24497627726626195       0.67021911379661847        2.2866961318149751E-003   3.3558375275223608E-003   3.8104826646914503E-003   5.7065435143813393E-003   5.4051433455772424E-003   8.6772701427465741E-003   1.0791589565558726E-002   1.4507061549299359E-002   3.5670145701872297E-002   4.3304190036682004E-002  0.12553041320899053     
          44  -1.1419911430921444E-003  -1.4122568023089224E-003   3.1997496204729295E-003  -2.8830936203596267E-003  -1.4934041524151680E-003   6.2654276258014363E-003  -1.5245548713886604E-002   9.6179106946721118E-003   5.5903253676344057E-002  0.24329924205778417       0.69664602374630891        2.1743516961412073E-003   3.3448010291455754E-003   2.9367503260991227E-003   6.4693692166607050E-003   4.2266549540121495E-003   6.6442853606557854E-003   1.1408822408499785E-002   1.5511591409446685E-002   3.3704724590463198E-002   4.7960828588672934E-002  0.12108737474364073     
          45   5.5095329862222501E-004  -4.7191756574674970E-003   3.2240450721581302E-003  -9.2721403351340905E-003  -6.6686945181494012E-003   8.0478914854747764E-003  -6.7769039113732632E-003   1.3350977916717899E-002   5.4613196396414598E-002  0.26943143517593182       0.74776846686087950        2.4671299069348720E-003   2.3724418419557611E-003   3.6147457315482308E-003   6.1095270872776782E-003   5.8958101953660771E-003   7.0542930770606275E-003   9.2473799558114213E-003   1.4643122971077919E-002   3.4115980148009366E-002   5.3073837818519112E-002  0.11616264667115710     
          46  -4.4631446546811162E-003  -2.7513215637394589E-003   2.1759531939658460E-003  -1.6330127419138332E-003   6.5082206944745745E-004   1.1957719289472478E-002  -7.8836876789681164E-003   1.3765125480250436E-002   6.2262662519938887E-002  0.29147354595746766       0.79890437215423105        2.8975817568432775E-003   2.4424420442934942E-003   2.3352227689871011E-003   6.1258235329189753E-003   7.5647377951818728E-003   7.5353526325945188E-003   9.1557922110541770E-003   1.5467914744580131E-002   2.9285230244901598E-002   5.9077456863932239E-002  0.11167530973569720     
          47  -7.4688911087252398E-003  -4.3427918278795856E-003  -1.2193958679140027E-003  -1.1386052748627411E-003   7.0153805942655366E-004   4.1750254905402566E-003   9.6161149848498486E-004   2.5923167371586679E-002   6.1539440578649886E-002  0.30588136481904782       0.83658084645401809        3.3510190984611644E-003   2.9727314125079017E-003   3.4084837225377214E-003   6.6236926870608297E-003   6.8466505309125077E-003   6.6121090392830678E-003   7.7783696544146694E-003   1.7013373607350155E-002   2.5191315909056877E-002   5.9923681675888144E-002  0.11086567313770569     
          48  -2.9984050859591812E-003  -5.7781541278466957E-003   4.9765523562156043E-003   3.5019407946717323E-003  -9.7527263389206862E-004   2.1574566827225883E-004   1.3489850452455181E-003   1.9602544534573368E-002   6.6184810048918380E-002  0.34121841441398509       0.89116479629669920        2.5501481346526930E-003   2.7921199431692736E-003   4.0113104439036852E-003   5.3721498517262526E-003   4.5634474313304696E-003   7.9154539067819857E-003   1.0159573098141717E-002   1.6617359534382373E-002   2.6945899410353420E-002   5.7250123552266691E-002  0.10570240383390866     
          49   7.2087749511768077E-004  -4.4853158592731250E-003  -9.0685097709903477E-004   2.6296062589889870E-003  -2.3359365308409915E-004   1.3524361381417292E-002   5.1262382146611517E-003   1.5355045968122224E-002   8.2593596618584578E-002  0.36544603492814576       0.94870627195412160        3.2722451292608624E-003   3.7187406215696303E-003   4.1963519440461183E-003   7.4833102942535468E-003   4.6635620859056953E-003   7.0794388238865054E-003   9.5603551839778117E-003   1.7687247561430447E-002   2.7255561272429039E-002   6.3190642715561213E-002  0.11093473495693934     
          50   6.0026919065777782E-004   2.4354903610349895E-003   1.4960577870531515E-003   1.4141458189394560E-004  -1.6440855459111251E-003   7.8313202322695553E-003   4.3603317655870472E-003   2.5104791422032865E-002  0.10492027771101453       0.40420272149174163        1.0195573342522144        3.0519213067091836E-003   3.7967670106402673E-003   4.1354937753013427E-003   4.5210863459735776E-003   5.2206587551040587E-003   6.5783363142605088E-003   1.0200962053198025E-002   1.6624376168443304E-002   2.5653711863132759E-002   6.3379125424867108E-002  0.11471108089119719     
          51   7.1338217444415924E-004   4.0277222108880389E-003   1.8132576085433953E-003   8.4084924870068290E-003  -1.1096040253080810E-002   4.5962967801847646E-003   4.0307189789785570E-003   5.0616089053846292E-002  0.13314823695330993       0.45942637514375512        1.0613170290785223        2.9876733156061603E-003   3.1970734666594844E-003   4.3840135779814769E-003   6.1507956518434426E-003   7.1752528259955159E-003   5.3277486218118765E-003   1.2971513462444993E-002   1.6864926493139816E-002   2.8266177243334301E-002   6.2366259896803611E-002  0.11562469133131177     
          52   1.6721193991361915E-003  -1.7898400318565435E-003   5.9202453451205903E-003   1.7899564920516684E-003  -4.1957480692539012E-003  -3.2022188420348626E-003   2.0928921904592022E-002   4.7391587615421241E-002  0.17900196742855787       0.53150905028282058        1.1204863235124067        3.2021739646967175E-003   3.3835830677078423E-003   6.1605161872283105E-003   4.5596186536237919E-003   4.9675587019110774E-003   6.5547151557608695E-003   1.3300668107877559E-002   1.5901813420454085E-002   3.0036035379542449E-002   6.6960794037542321E-002  0.11496116360748428     
          53   2.8521682516774336E-003  -7.6898524061666084E-004   4.1571094402270269E-004  -3.0861820299645185E-003   1.2375733541130074E-003   4.1843842573398050E-003   1.9176758222530736E-002   7.5198941265282648E-002  0.21669710625860925       0.59151906315357250        1.1784144443190883        2.8445316051170415E-003   4.2033871834021973E-003   5.3460034831022156E-003   5.2240389228720707E-003   3.9673321892649029E-003   5.3950140454035560E-003   1.2176003418579082E-002   1.6688211687492835E-002   2.9506738720895345E-002   6.1841578286050643E-002  0.11183554652814671     
          54  -1.8858010551598527E-003  -2.8015417737560521E-003   3.7541504397754891E-004  -7.4417589171684390E-003   1.3231565244004413E-003   1.5059296919177083E-002   2.2101481756842640E-002  0.10260530293211681       0.27400710520421417       0.66004841424097538        1.2706493297784547        2.2975692571343153E-003   3.8130409594874645E-003   5.2218112385055606E-003   5.4453932642853043E-003   4.2865765793884594E-003   5.5356862735164150E-003   9.5194400618613378E-003   1.5820626889825353E-002   3.2079932679091760E-002   4.9924583542929293E-002  0.10747909055011172     
          55   1.0592911933946696E-003   6.0718617233418307E-004   4.7200766083983379E-003  -4.9610492145237941E-003   5.9458347947908222E-003   1.5283099097087423E-002   3.8863169669779651E-002  0.14251771871222435       0.31173790470621882       0.74266062747259776        1.3776666404635993        2.6489753288373944E-003   3.2901508457636379E-003   4.4651611525056631E-003   5.2795004414976166E-003   8.2328406152137167E-003   5.8705759685985020E-003   1.2251541354756076E-002   1.2996487762471493E-002   3.0034722921617393E-002   4.4916429132901933E-002   9.9919554694680890E-002
          56  -6.0195294126987183E-004   3.5087703311118177E-003   8.3168179512165992E-003   4.1127447930415523E-003   7.0990889285462216E-003   1.7258280829052987E-002   5.6707945601641122E-002  0.18166627685944073       0.38214703074558037       0.83844615507323139        1.4763707377350361        3.0335065767393790E-003   3.6779583585270816E-003   3.4991486167422893E-003   5.4299452836853940E-003   5.4407234721334718E-003   7.9460935110346933E-003   1.1467011117563888E-002   1.4257047273388303E-002   3.2777393742491660E-002   4.5797769006355238E-002   9.1081905323164541E-002
          57   1.5377885759283471E-003   7.8837935277790254E-003   8.1189966050132616E-003   7.6697375854731875E-003   1.3127709557551093E-002   3.2397151767514142E-002   8.4082262949697714E-002  0.23027771228259278       0.46967558556572137       0.94709769247399023        1.5866285898836452        3.0770299179979370E-003   3.2169280467034258E-003   3.5254426005810594E-003   3.6671311800201183E-003   6.4126089079436189E-003   6.8803494272707813E-003   1.1032901113823861E-002   1.5894784447123250E-002   2.8720865646038013E-002   4.6707615742795854E-002   7.6026558616668335E-002
          58   8.9055421834280148E-003   4.9649762651465803E-003   9.2109177637743778E-003   8.8159437596792775E-003   2.5127084322786358E-002   4.6974840552984114E-002  0.11663427551498690       0.28761495095115863       0.56965119388157703        1.0603838109584356        1.6962396102990256        3.0437419281050498E-003   5.4224365141350107E-003   3.6005358214823433E-003   5.4556492315865502E-003   4.5904343055884799E-003   6.5929785219947809E-003   1.1251173672433801E-002   1.5969886589431059E-002   2.6831661550749432E-002   4.2816139690558995E-002   6.7913537896896553E-002
          59   5.0029149842366486E-003   5.1236754065745894E-003   8.5429332527693566E-003   2.0213184270234337E-002   4.0535729490078692E-002   8.6399848782099553E-002  0.17678095804202049       0.36283753679428421       0.69142272374955072        1.1977323143330296        1.8155395876553895        2.6246742433390442E-003   3.3863211650255686E-003   3.6101606869838022E-003   6.2233387319451019E-003   6.4635038118078065E-003   8.4833576316680568E-003   1.2751998127651688E-002   1.4943404957027917E-002   2.5832360489871874E-002   3.3859544579390173E-002   5.8516807294837860E-002
          60   8.3058098140453580E-003   1.4056796209857751E-002   2.3788609491781763E-002   3.4373664885353448E-002   7.5963944220918400E-002  0.13590296057530896       0.26191012426247184       0.48901770154150731       0.83231205855496992        1.3380641956519301        1.9339398438802924        2.9524195815867149E-003   3.7344030667514111E-003   3.9751118844830813E-003   5.9646292680499875E-003   4.7381942594143835E-003   7.0620465329365107E-003   9.5568717881306629E-003   1.4596742668520731E-002   2.2403589409712540E-002   2.6979662792375087E-002   5.0911115058322402E-002
          61   2.3792349448291155E-002   3.3800551260770646E-002   5.2493622103007717E-002   7.9219198658186510E-002  0.14244875195873294       0.22143736235937903       0.37737109576798250       0.63962550927809070       0.99781876916660239        1.5008365676366491        2.0450698159498475        2.9235100227376219E-003   3.9052850826896413E-003   3.4431058047773616E-003   6.1126882858645775E-003   6.4677109178843525E-003   7.5483925740317198E-003   9.2330861313871734E-003   1.3713277735050570E-002   1.7228930703058407E-002   2.7811884905765163E-002   3.3728343535984237E-002
          62   5.8326615221365362E-002   8.1687074843690602E-002  0.11490135359677538       0.16321547526613120       0.24768157825724432       0.36426872016639822       0.54294396657429334       0.82246199697241451        1.2084259096498040        1.6747978320573822        2.1695315280897227        3.0515454836180281E-003   4.8021742887634352E-003   4.7157380164110944E-003   4.7792989519929510E-003   5.5104707641042963E-003   5.6645563402564101E-003   6.5869356268542624E-003   1.2375062276812147E-002   1.5434943861052156E-002   1.9817986420738239E-002   2.3727657979969414E-002
          63  0.16001919843338294       0.20089627741634031       0.25313561036040055       0.32712659633821001       0.43079199368968651       0.57461106771357529       0.78639115670380388        1.0732489559750755        1.4589331010116122        1.8706177109622326        2.3137592912720777        3.6282871078553900E-003   4.3873221920402057E-003   3.4064744340061999E-003   4.9292946500431112E-003   4.0237140069155682E-003   7.6725243472297519E-003   5.9206686442226921E-003   1.2015210303093245E-002   1.2691694789288461E-002   1.4268582797037247E-002   1.5846639422764961E-002
          64  0.43122174661388912       0.49084206839146582       0.56962179901778698       0.65479152256800599       0.76679742125250916       0.94353571156978400        1.1440600377238574        1.4279111539690099        1.7879619832064670        2.1484684387816348        2.5471705598124856        3.0429204084287051E-003   3.9285450286670057E-003   3.6885603626804755E-003   5.1749131784489567E-003   4.9017085803066086E-003   5.4610366769774375E-003   8.8534776475492124E-003   1.0956752735765815E-002   1.3631644658888609E-002   1.0953127456777716E-002   1.0107013814420569E-002
