  -2.1890547263681595        0.0000000000000000        0.0000000000000000     
  -2.1671641791044780        0.0000000000000000        0.0000000000000000     
  -2.1452736318407961        0.0000000000000000        0.0000000000000000     
  -2.1233830845771147        0.0000000000000000        0.0000000000000000     
  -2.1014925373134332        0.0000000000000000        0.0000000000000000     
  -2.0796019900497513        0.0000000000000000        0.0000000000000000     
  -2.0577114427860699        0.0000000000000000        0.0000000000000000     
  -2.0358208955223884        0.0000000000000000        0.0000000000000000     
  -2.0139303482587065        0.0000000000000000        0.0000000000000000     
  -1.9920398009950251        0.0000000000000000        0.0000000000000000     
  -1.9701492537313436        0.0000000000000000        0.0000000000000000     
  -1.9482587064676620        0.0000000000000000        0.0000000000000000     
  -1.9263681592039803        0.0000000000000000        0.0000000000000000     
  -1.9044776119402989        0.0000000000000000        0.0000000000000000     
  -1.8825870646766172        0.0000000000000000        0.0000000000000000     
  -1.8606965174129355        0.0000000000000000        0.0000000000000000     
  -1.8388059701492541        0.0000000000000000        0.0000000000000000     
  -1.8169154228855724        0.0000000000000000        0.0000000000000000     
  -1.7950248756218907        1.5227272727272728E-003   1.5227272727272728E-003
  -1.7731343283582093        4.5681818181818185E-003   2.6374410024344267E-003
  -1.7512437810945276        1.3704545454545455E-002   4.5681818181818185E-003
  -1.7293532338308459        3.3500000000000002E-002   7.1422239979129507E-003
  -1.7074626865671645        7.4613636363636368E-002   1.0659090909090910E-002
  -1.6855721393034828       0.15531818181818183        1.5378791610687710E-002
  -1.6636815920398011       0.22384090909090912        1.8462087017040989E-002
  -1.6417910447761197       0.43702272727272728        2.5796635936102884E-002
  -1.6199004975124380       0.56645454545454554        2.9369300044842183E-002
  -1.5980099502487564       0.69893181818181827        3.2623343503116201E-002
  -1.5761194029850749       0.67000000000000004        3.1940996739727341E-002
  -1.5542288557213932       0.76136363636363646        3.4049216930110440E-002
  -1.5323383084577116       0.63954545454545464        3.1206622787240595E-002
  -1.5104477611940301       0.58929545454545462        2.9955571440561414E-002
  -1.4885572139303485       0.47204545454545460        2.6810380221162583E-002
  -1.4666666666666668       0.38068181818181823        2.4076432185372889E-002
  -1.4447761194029853       0.31977272727272732        2.2066414590788463E-002
  -1.4228855721393037       0.28170454545454549        2.0711330092847154E-002
  -1.4009950248756220       0.24363636363636365        1.9261145748298313E-002
  -1.3791044776119405       0.22536363636363638        1.8524776796817306E-002
  -1.3572139303482589       0.25277272727272732        1.9618968515695081E-002
  -1.3353233830845772       0.22840909090909092        1.8649524178008289E-002
  -1.3134328358208958       0.23145454545454547        1.8773442645405519E-002
  -1.2915422885572141       0.20100000000000001        1.7494804423547634E-002
  -1.2696517412935324       0.27256818181818182        2.0372702425849928E-002
  -1.2477611940298510       0.23297727272727276        1.8835096153389769E-002
  -1.2258706467661693       0.21927272727272729        1.8272727272727274E-002
  -1.2039800995024876       0.20861363636363639        1.7823065773141248E-002
  -1.1820895522388062       0.24211363636363639        1.9200860324216796E-002
  -1.1601990049751245       0.24059090909090911        1.9140385023373362E-002
  -1.1383084577114428       0.20252272727272730        1.7560947587339622E-002
  -1.1164179104477614       0.22993181818181821        1.8711585994063230E-002
  -1.0945273631840797       0.25429545454545455        1.9677973065510133E-002
  -1.0726368159203983       0.23602272727272730        1.8957801660573752E-002
  -1.0507462686567166       0.28322727272727277        2.0767231220410281E-002
  -1.0288557213930349       0.29236363636363638        2.1099528019475414E-002
  -1.0069651741293535       0.29236363636363638        2.1099528019475414E-002
 -0.98507462686567182       0.29084090909090909        2.1044509599834366E-002
 -0.96318407960199015       0.31977272727272732        2.2066414590788463E-002
 -0.94129353233830870       0.27104545454545459        2.0315715734010555E-002
 -0.91940298507462703       0.26800000000000002        2.0201260086710165E-002
 -0.89751243781094536       0.32129545454545455        2.2118891275099424E-002
 -0.87562189054726391       0.31368181818181823        2.1855247871029333E-002
 -0.85373134328358224       0.30150000000000005        2.1426671993738849E-002
 -0.83184079601990057       0.27561363636363639        2.0486200253498604E-002
 -0.80995024875621913       0.29540909090909095        2.1209136694803093E-002
 -0.78805970149253746       0.30454545454545456        2.1534615608863040E-002
 -0.76616915422885579       0.29693181818181819        2.1263729157557251E-002
 -0.74427860696517434       0.26952272727272730        2.0258568741103516E-002
 -0.72238805970149267       0.31215909090909094        2.1802136619079902E-002
 -0.70049751243781100       0.27409090909090911        2.0429530158066263E-002
 -0.67860696517412955       0.32281818181818184        2.2171243753717942E-002
 -0.65671641791044788       0.30150000000000005        2.1426671993738849E-002
 -0.63482587064676621       0.29845454545454547        2.1318181818181819E-002
 -0.61293532338308476       0.31368181818181823        2.1855247871029333E-002
 -0.59104477611940309       0.30454545454545456        2.1534615608863040E-002
 -0.56915422885572142       0.30911363636363637        2.1695524065180126E-002
 -0.54726368159203997       0.31368181818181823        2.1855247871029333E-002
 -0.52537313432835830       0.29693181818181819        2.1263729157557251E-002
 -0.50348258706467663       0.31520454545454546        2.1908230367860382E-002
 -0.48159203980099519       0.30759090909090914        2.1642020841772205E-002
 -0.45970149253731352       0.28018181818181820        2.0655277675881500E-002
 -0.43781094527363207       0.30759090909090914        2.1642020841772205E-002
 -0.41592039800995040       0.35175000000000001        2.3143450870209876E-002
 -0.39402985074626873       0.32434090909090912        2.2223472904428873E-002
 -0.37213930348258728       0.33347727272727273        2.2534305802853767E-002
 -0.35024875621890561       0.32586363636363641        2.2275579594726414E-002
 -0.32835820895522394       0.30302272727272728        2.1480711605400327E-002
 -0.30646766169154249       0.36393181818181819        2.3540792360468195E-002
 -0.28457711442786082       0.32890909090909093        2.2379429013609949E-002
 -0.26268656716417915       0.31825000000000003        2.2013812812537829E-002
 -0.24079601990049770       0.36240909090909096        2.3491492217642757E-002
 -0.21890547263681603       0.29540909090909095        2.1209136694803093E-002
 -0.19701492537313436       0.31063636363636365        2.1748895668744137E-002
 -0.17512437810945292       0.32890909090909093        2.2379429013609949E-002
 -0.15323383084577102       0.32281818181818184        2.2171243753717942E-002
 -0.13134328358208958       0.28475000000000000        2.0822982277020046E-002
 -0.10945273631840813       0.33652272727272731        2.2636968319780452E-002
  -8.7562189054726236E-002  0.28931818181818186        2.0989346963410111E-002
  -6.5671641791044788E-002  0.30302272727272728        2.1480711605400327E-002
  -4.3781094527363340E-002  0.32281818181818184        2.2171243753717942E-002
  -2.1890547263681892E-002  0.27865909090909091        2.0599072734486405E-002
   0.0000000000000000       0.31215909090909094        2.1802136619079902E-002
   2.1890547263681448E-002  0.31368181818181823        2.1855247871029333E-002
   4.3781094527362896E-002  0.34109090909090911        2.2790094992168553E-002
   6.5671641791044788E-002  0.28931818181818186        2.0989346963410111E-002
   8.7562189054726236E-002  0.31063636363636365        2.1748895668744137E-002
  0.10945273631840768       0.28170454545454549        2.0711330092847154E-002
  0.13134328358208958       0.25429545454545455        1.9677973065510133E-002
  0.15323383084577102       0.29997727272727276        2.1372495745236805E-002
  0.17512437810945247       0.33347727272727273        2.2534305802853767E-002
  0.19701492537313436       0.25125000000000003        1.9559785972058267E-002
  0.21890547263681581       0.27713636363636368        2.0542714016739700E-002
  0.24079601990049726       0.29388636363636367        2.1154403347571293E-002
  0.26268656716417915       0.28931818181818186        2.0989346963410111E-002
  0.28457711442786060       0.29540909090909095        2.1209136694803093E-002
  0.30646766169154205       0.27865909090909091        2.0599072734486405E-002
  0.32835820895522394       0.30150000000000005        2.1426671993738849E-002
  0.35024875621890539       0.29997727272727276        2.1372495745236805E-002
  0.37213930348258684       0.31672727272727275        2.1961085041462481E-002
  0.39402985074626873       0.31215909090909094        2.1802136619079902E-002
  0.41592039800995018       0.28322727272727277        2.0767231220410281E-002
  0.43781094527363162       0.27104545454545459        2.0315715734010555E-002
  0.45970149253731352       0.28018181818181820        2.0655277675881500E-002
  0.48159203980099496       0.28018181818181820        2.0655277675881500E-002
  0.50348258706467641       0.28322727272727277        2.0767231220410281E-002
  0.52537313432835830       0.30606818181818185        2.1588385019926690E-002
  0.54726368159203975       0.30454545454545456        2.1534615608863040E-002
  0.56915422885572120       0.29540909090909095        2.1209136694803093E-002
  0.59104477611940309       0.29236363636363638        2.1099528019475414E-002
  0.61293532338308454       0.29236363636363638        2.1099528019475414E-002
  0.63482587064676599       0.29693181818181819        2.1263729157557251E-002
  0.65671641791044788       0.23906818181818185        1.9079718040261179E-002
  0.67860696517412933       0.28627272727272729        2.0878584464857727E-002
  0.70049751243781078       0.23145454545454547        1.8773442645405519E-002
  0.72238805970149267       0.25581818181818183        1.9736801217878484E-002
  0.74427860696517412       0.24515909090909094        1.9321243072957225E-002
  0.76616915422885556       0.23145454545454547        1.8773442645405519E-002
  0.78805970149253746       0.24211363636363639        1.9200860324216796E-002
  0.80995024875621890       0.24059090909090911        1.9140385023373362E-002
  0.83184079601990035       0.22688636363636366        1.8587255142139956E-002
  0.85373134328358224       0.22384090909090912        1.8462087017040989E-002
  0.87562189054726369       0.23906818181818185        1.9079718040261179E-002
  0.89751243781094514       0.23602272727272730        1.8957801660573752E-002
  0.91940298507462703       0.20556818181818184        1.7692492104265701E-002
  0.94129353233830848       0.17815909090909093        1.6470813781096862E-002
  0.96318407960198993       0.21470454545454548        1.8081384541625920E-002
  0.98507462686567182       0.23906818181818185        1.9079718040261179E-002
   1.0069651741293533       0.19795454545454547        1.7361762154918692E-002
   1.0288557213930347       0.19947727272727275        1.7428410239349844E-002
   1.0507462686567166       0.23754545454545456        1.9018857540576941E-002
   1.0726368159203981       0.21927272727272729        1.8272727272727274E-002
   1.0945273631840795       0.20252272727272730        1.7560947587339622E-002
   1.1164179104477614       0.20861363636363639        1.7823065773141248E-002
   1.1383084577114428       0.18425000000000002        1.6750000000000001E-002
   1.1601990049751243       0.21775000000000003        1.8209169767904404E-002
   1.1820895522388062       0.24972727272727274        1.9500423814000040E-002
   1.2039800995024876       0.18120454545454548        1.6610993447286202E-002
   1.2258706467661691       0.16902272727272730        1.6042927305480306E-002
   1.2477611940298510       0.15684090909090911        1.5453993974117699E-002
   1.2696517412935324       0.20556818181818184        1.7692492104265701E-002
   1.2915422885572139       0.18577272727272728        1.6819072457989696E-002
   1.3134328358208953       0.17968181818181819        1.6541052111600330E-002
   1.3353233830845772       0.17815909090909093        1.6470813781096862E-002
   1.3572139303482587       0.20861363636363639        1.7823065773141248E-002
   1.3791044776119401       0.17511363636363639        1.6329430789753678E-002
   1.4009950248756220       0.22231818181818183        1.8399183641609917E-002
   1.4228855721393034       0.18729545454545457        1.6887862407487068E-002
   1.4447761194029849       0.23754545454545456        1.9018857540576941E-002
   1.4666666666666668       0.30606818181818185        2.1588385019926690E-002
   1.4885572139303482       0.35479545454545458        2.3243423045585025E-002
   1.5104477611940297       0.38829545454545455        2.4316004575431316E-002
   1.5323383084577116       0.48575000000000002        2.7196778719680622E-002
   1.5542288557213930       0.49336363636363639        2.7409090909090911E-002
   1.5761194029850745       0.46900000000000003        2.6723755179785102E-002
   1.5980099502487564       0.48727272727272730        2.7239373544088352E-002
   1.6199004975124378       0.43093181818181819        2.5616237667374284E-002
   1.6417910447761193       0.32738636363636364        2.2327564681982208E-002
   1.6636815920398011       0.18881818181818183        1.6956373286800521E-002
   1.6855721393034826       0.10811363636363637        1.2830728063700366E-002
   1.7074626865671640        5.1772727272727276E-002   8.8789494762417081E-003
   1.7293532338308459        1.5227272727272728E-002   4.8152864370745781E-003
   1.7512437810945274        1.2181818181818183E-002   4.3069231217726083E-003
   1.7731343283582088        1.5227272727272728E-003   1.5227272727272728E-003
   1.7950248756218907        0.0000000000000000        0.0000000000000000     
   1.8169154228855722        0.0000000000000000        0.0000000000000000     
   1.8388059701492536        0.0000000000000000        0.0000000000000000     
   1.8606965174129351        0.0000000000000000        0.0000000000000000     
   1.8825870646766174        0.0000000000000000        0.0000000000000000     
   1.9044776119402989        0.0000000000000000        0.0000000000000000     
   1.9263681592039803        0.0000000000000000        0.0000000000000000     
   1.9482587064676617        0.0000000000000000        0.0000000000000000     
   1.9701492537313432        0.0000000000000000        0.0000000000000000     
   1.9920398009950246        0.0000000000000000        0.0000000000000000     
   2.0139303482587070        0.0000000000000000        0.0000000000000000     
   2.0358208955223884        0.0000000000000000        0.0000000000000000     
   2.0577114427860699        0.0000000000000000        0.0000000000000000     
   2.0796019900497513        0.0000000000000000        0.0000000000000000     
   2.1014925373134328        0.0000000000000000        0.0000000000000000     
   2.1233830845771142        0.0000000000000000        0.0000000000000000     
   2.1452736318407957        0.0000000000000000        0.0000000000000000     
   2.1671641791044780        0.0000000000000000        0.0000000000000000     
   2.1890547263681595        0.0000000000000000        0.0000000000000000     
