   0.0000000000000000        9.7221902212985239E-002   2.4868357317363250E-004
 -0.25000000000000000       0.10575200908251192        4.7304472658018550E-004
 -0.50000000000000000       0.11642159629012321        4.4180008209208699E-004
 -0.75000000000000000       0.13010315545217230        6.7442321381549835E-004
  -1.0000000000000000       0.14804055878674074        4.0420133173550232E-004
  -1.2500000000000000       0.17063537346872656        5.4450928475009903E-004
  -1.5000000000000000       0.20116209869638535        5.2156620176665503E-004
  -1.7500000000000000       0.24044494693616747        7.9599427541407345E-004
  -2.0000000000000000       0.29908113257976121        1.1552967933641596E-003
  -2.2500000000000000       0.37853096432318561        1.6071911684156603E-003
  -2.5000000000000000       0.48976836745093094        1.6639167923965549E-003
  -2.7500000000000000       0.64448151028449385        4.7057724902504917E-003
  -3.0000000000000000       0.87407540412551221        1.6660676638950860E-002
  -3.2500000000000000        1.1774730727972542        2.4706593093986744E-002
  -3.5000000000000000        1.4687314023208056        1.9169539765429327E-002
  -3.7500000000000000        1.7065909763205762        1.6783640606474130E-002
  -4.0000000000000000        1.8582597671130148        1.5813497689863017E-002
  -4.2500000000000000        1.9615993451557943        6.2200337371107568E-003
  -4.5000000000000000        2.0426122613859392        2.7577339143382879E-003
  -4.7500000000000000        2.0832266837393210        1.4735482735649941E-002
  -5.0000000000000000        2.1499764581527865        1.7775119876624012E-002
