   3.0000000000000000       0.34832662931301600        2.5754884918243841E-003
   2.8399999999999999       0.36383396597222123        3.0303725547230929E-003
   2.6800000000000002       0.36516615688444470        3.1084447014395745E-003
   2.5200000000000000       0.37253097019129644        2.4350883665024648E-003
   2.3599999999999999       0.37854246537426306        2.8471053046408143E-003
   2.2000000000000002       0.38493405149728688        4.3218525091931973E-003
   2.0400000000000000       0.39241023053982860        2.1780787419027922E-003
   1.8799999999999999       0.39945517833113031        2.8143862849758792E-003
   1.7200000000000000       0.40852912630504085        3.3479789690428023E-003
   1.5600000000000001       0.41681041506963845        3.7288027113283034E-003
   1.3999999999999999       0.43214702556015588        3.9888045157134488E-003
   1.2400000000000000       0.43689796699746819        3.5613015342390313E-003
   1.0800000000000001       0.44433359022194374        3.8170910856675250E-003
  0.91999999999999993       0.45599635495079638        3.9028856790284715E-003
  0.75999999999999979       0.46805131575064557        3.6007487535011603E-003
  0.60000000000000009       0.48312082287075236        3.0608647420991104E-003
  0.43999999999999995       0.49234743120581520        4.6007301097500120E-003
  0.27999999999999980       0.50994840661227958        2.6549164237742056E-003
  0.12000000000000011       0.52612390838689549        3.4013120032516616E-003
  -4.0000000000000036E-002  0.54618373184782831        3.0873650870551200E-003
 -0.20000000000000018       0.56580978107103486        3.3181309537362196E-003
 -0.35999999999999988       0.58152641975353958        3.2280448770900141E-003
 -0.52000000000000002       0.61036126228107224        5.4987537194671225E-003
 -0.68000000000000016       0.64156846803701817        4.2363723812739512E-003
 -0.83999999999999986       0.66765661833704049        4.7136791423436318E-003
  -1.0000000000000000       0.69943895569695980        3.2211728723617540E-003
  -1.1600000000000001       0.74116594080315357        4.7527269068879290E-003
  -1.3200000000000003       0.77832917241182631        6.7470860305056833E-003
  -1.4800000000000004       0.83707642568806540        4.3720494673289406E-003
  -1.6399999999999997       0.87933620547161118        4.4980157653283573E-003
  -1.7999999999999998       0.94073778396396390        6.0419561616384615E-003
  -1.9600000000000000        1.0185439663997602        4.8531967287028096E-003
  -2.1200000000000001        1.0842125235509763        6.5416141228667934E-003
  -2.2800000000000002        1.1687657981419930        7.8099124858174692E-003
  -2.4400000000000004        1.2393779334533934        4.4986772049809129E-003
  -2.5999999999999996        1.3322180354355495        4.9767567690360351E-003
  -2.7599999999999998        1.4072967305973505        3.8305337435627102E-003
  -2.9199999999999999        1.4948663115882115        5.2453415485952098E-003
  -3.0800000000000001        1.5608512571096314        5.9811595932321637E-003
  -3.2400000000000002        1.6404661854801752        5.3241652413152192E-003
  -3.4000000000000004        1.6917808502844367        7.5762353878546249E-003
  -3.5599999999999996        1.7552791913789236        6.0502905221000375E-003
  -3.7199999999999998        1.8128281498813308        4.7858642002056228E-003
  -3.8799999999999999        1.8720421397252287        4.3294853808677819E-003
  -4.0400000000000000        1.9161805813730466        2.5455751227957840E-003
  -4.2000000000000002        1.9612980801511939        4.9543372344932031E-003
  -4.3600000000000003        2.0077363534017736        3.9995828972822344E-003
  -4.5199999999999996        2.0467614178181099        2.5149450167790107E-003
  -4.6799999999999997        2.0935817564974051        3.8793609764364236E-003
  -4.8399999999999999        2.1340834340783124        3.2106253998480721E-003
  -5.0000000000000000        2.1675505233435985        3.8585487062354749E-003
